,Airport,Month_date,Year,Month,Departures_On_Time,Departures_Delayed,Arrivals_On_Time,Arrivals_Delayed,Dom_Pax_In,Dom_Pax_Out,Dom_Pax_Total,Int_Pax_In,Int_Pax_Out,Int_Pax_Total,Pax_In,Pax_Out,Pax_Total,Longitude,Latitude
0,adelaide,Apr-04,2004,4,1319.0,109.0,1328.0,107.0,197231,199357,396588,11267,11970,23237,208498,211327,419825,138.6007,-34.9285
1,adelaide,Apr-05,2005,4,1434.0,129.0,1430.0,130.0,220410,227696,448106,13485,14559,28044,233895,242255,476150,138.6007,-34.9285
2,adelaide,Apr-06,2006,4,1682.0,198.0,1634.0,215.0,233226,237898,471124,15941,17566,33507,249167,255464,504631,138.6007,-34.9285
3,adelaide,Apr-07,2007,4,1478.0,100.0,1439.0,139.0,244459,249317,493776,17956,20398,38354,262415,269715,532130,138.6007,-34.9285
4,adelaide,Apr-08,2008,4,1473.0,254.0,1465.0,265.0,263529,269583,533112,19019,21367,40386,282548,290950,573498,138.6007,-34.9285
5,adelaide,Apr-09,2009,4,1670.0,240.0,1689.0,223.0,274359,281163,555522,20087,21353,41440,294446,302516,596962,138.6007,-34.9285
6,adelaide,Apr-10,2010,4,1685.0,245.0,1736.0,193.0,290702,296008,586710,22393,23027,45420,313095,319035,632130,138.6007,-34.9285
7,adelaide,Apr-11,2011,4,1867.0,243.0,1875.0,239.0,282981,286574,569555,22983,25799,48782,305964,312373,618337,138.6007,-34.9285
8,adelaide,Apr-12,2012,4,1801.0,259.0,1860.0,205.0,264048,267193,531241,25399,26317,51716,289447,293510,582957,138.6007,-34.9285
9,adelaide,Apr-13,2013,4,1928.0,260.0,1956.0,232.0,280700,287113,567813,30059,33507,63566,310759,320620,631379,138.6007,-34.9285
10,adelaide,Apr-14,2014,4,1902.0,364.0,1947.0,320.0,283121,285267,568388,39176,42911,82087,322297,328178,650475,138.6007,-34.9285
11,adelaide,Apr-15,2015,4,2020.0,266.0,1998.0,287.0,291914,294232,586146,33223,37246,70469,325137,331478,656615,138.6007,-34.9285
12,adelaide,Apr-16,2016,4,2100.0,182.0,2070.0,212.0,291320,302867,594187,31541,36181,67722,322861,339048,661909,138.6007,-34.9285
13,adelaide,Apr-17,2017,4,1979.0,253.0,1986.0,244.0,294726,296413,591139,34119,39693,73812,328845,336106,664951,138.6007,-34.9285
14,adelaide,Apr-18,2018,4,1890.0,348.0,1916.0,325.0,311318,316660,627978,36246,41703,77949,347564,358363,705927,138.6007,-34.9285
15,adelaide,Apr-19,2019,4,1955.0,307.0,1978.0,283.0,315393,315365,630758,40996,46294,87290,356389,361659,718048,138.6007,-34.9285
16,adelaide,Apr-20,2020,4,102.0,21.0,107.0,16.0,5462,6383,11845,0,0,0,5462,6383,11845,138.6007,-34.9285
17,adelaide,Apr-21,2021,4,1432.0,261.0,1437.0,258.0,226873,231100,457973,1798,439,2237,228671,231539,460210,138.6007,-34.9285
18,adelaide,Apr-22,2022,4,1337.0,670.0,1288.0,718.0,281960,284961,566921,10306,12112,22418,292266,297073,589339,138.6007,-34.9285
19,adelaide,Apr-23,2023,4,1607.0,632.0,1618.0,624.0,299384,301115,600499,36738,38284,75022,336122,339399,675521,138.6007,-34.9285
20,adelaide,Aug-04,2004,8,1335.0,140.0,1299.0,177.0,202637,203068,405705,11938,11625,23563,214575,214693,429268,138.6007,-34.9285
21,adelaide,Aug-05,2005,8,1470.0,180.0,1425.0,224.0,224802,228638,453440,14766,13102,27868,239568,241740,481308,138.6007,-34.9285
22,adelaide,Aug-06,2006,8,1475.0,149.0,1498.0,126.0,236228,237747,473975,18345,17044,35389,254573,254791,509364,138.6007,-34.9285
23,adelaide,Aug-07,2007,8,1391.0,253.0,1359.0,276.0,249327,252099,501426,18744,17726,36470,268071,269825,537896,138.6007,-34.9285
24,adelaide,Aug-08,2008,8,1373.0,349.0,1304.0,424.0,263204,265323,528527,20289,19088,39377,283493,284411,567904,138.6007,-34.9285
25,adelaide,Aug-09,2009,8,1488.0,264.0,1453.0,304.0,269480,269355,538835,20859,19768,40627,290339,289123,579462,138.6007,-34.9285
26,adelaide,Aug-10,2010,8,1922.0,273.0,1882.0,314.0,283786,283560,567346,21613,21756,43369,305399,305316,610715,138.6007,-34.9285
27,adelaide,Aug-11,2011,8,1868.0,200.0,1853.0,220.0,263100,263060,526160,25653,24324,49977,288753,287384,576137,138.6007,-34.9285
28,adelaide,Aug-12,2012,8,1890.0,275.0,1851.0,316.0,263168,265243,528411,24624,24733,49357,287792,289976,577768,138.6007,-34.9285
29,adelaide,Aug-13,2013,8,1849.0,329.0,1813.0,371.0,269836,269808,539644,33245,31092,64337,303081,300900,603981,138.6007,-34.9285
30,adelaide,Aug-14,2014,8,2039.0,218.0,2051.0,201.0,280822,280400,561222,41013,39796,80809,321835,320196,642031,138.6007,-34.9285
31,adelaide,Aug-15,2015,8,2151.0,167.0,2122.0,200.0,282798,277223,560021,35798,34901,70699,318596,312124,630720,138.6007,-34.9285
32,adelaide,Aug-16,2016,8,2157.0,173.0,2083.0,247.0,284393,279860,564253,39027,40220,79247,323420,320080,643500,138.6007,-34.9285
33,adelaide,Aug-17,2017,8,1880.0,378.0,1804.0,453.0,289066,285877,574943,42160,40424,82584,331226,326301,657527,138.6007,-34.9285
34,adelaide,Aug-18,2018,8,1853.0,407.0,1793.0,470.0,303083,299851,602934,43581,43992,87573,346664,343843,690507,138.6007,-34.9285
35,adelaide,Aug-19,2019,8,1725.0,476.0,1657.0,544.0,310165,307344,617509,49885,49320,99205,360050,356664,716714,138.6007,-34.9285
36,adelaide,Aug-20,2020,8,333.0,69.0,328.0,73.0,36135,38427,74562,754,661,1415,36889,39088,75977,138.6007,-34.9285
37,adelaide,Aug-21,2021,8,441.0,36.0,426.0,52.0,39127,39952,79079,1063,871,1934,40190,40823,81013,138.6007,-34.9285
38,adelaide,Aug-22,2022,8,1326.0,617.0,1254.0,690.0,269233,261865,531098,21150,20231,41381,290383,282096,572479,138.6007,-34.9285
39,adelaide,Aug-23,2023,8,1783.0,593.0,1694.0,687.0,299771,293865,593636,36548,33483,70031,336319,327348,663667,138.6007,-34.9285
40,adelaide,Dec-04,2004,12,1381.0,182.0,1369.0,194.0,209268,211595,420863,14349,15322,29671,223617,226917,450534,138.6007,-34.9285
41,adelaide,Dec-05,2005,12,1327.0,227.0,1320.0,237.0,220583,222357,442940,14431,16433,30864,235014,238790,473804,138.6007,-34.9285
42,adelaide,Dec-06,2006,12,1419.0,192.0,1438.0,173.0,238712,244231,482943,20208,22158,42366,258920,266389,525309,138.6007,-34.9285
43,adelaide,Dec-07,2007,12,1357.0,326.0,1313.0,371.0,251898,254717,506615,20782,24156,44938,272680,278873,551553,138.6007,-34.9285
44,adelaide,Dec-08,2008,12,1407.0,413.0,1388.0,435.0,260627,265491,526118,19827,23233,43060,280454,288724,569178,138.6007,-34.9285
45,adelaide,Dec-09,2009,12,1655.0,178.0,1648.0,187.0,262735,264356,527091,21402,24899,46301,284137,289255,573392,138.6007,-34.9285
46,adelaide,Dec-10,2010,12,1831.0,360.0,1774.0,427.0,292916,295017,587933,23166,25965,49131,316082,320982,637064,138.6007,-34.9285
47,adelaide,Dec-11,2011,12,1826.0,211.0,1814.0,225.0,262361,260566,522927,26035,31216,57251,288396,291782,580178,138.6007,-34.9285
48,adelaide,Dec-12,2012,12,1908.0,275.0,1856.0,332.0,271564,271750,543314,31996,37996,69992,303560,309746,613306,138.6007,-34.9285
49,adelaide,Dec-13,2013,12,1820.0,347.0,1805.0,368.0,291204,289813,581017,39818,49993,89811,331022,339806,670828,138.6007,-34.9285
50,adelaide,Dec-14,2014,12,1970.0,311.0,1936.0,349.0,295383,291644,587027,38989,49220,88209,334372,340864,675236,138.6007,-34.9285
51,adelaide,Dec-15,2015,12,2120.0,279.0,2077.0,324.0,298324,301313,599637,36126,43398,79524,334450,344711,679161,138.6007,-34.9285
52,adelaide,Dec-16,2016,12,1921.0,390.0,1877.0,438.0,304574,301400,605974,41707,51177,92884,346281,352577,698858,138.6007,-34.9285
53,adelaide,Dec-17,2017,12,1967.0,354.0,1938.0,389.0,318458,322403,640861,42206,52177,94383,360664,374580,735244,138.6007,-34.9285
54,adelaide,Dec-18,2018,12,1741.0,497.0,1718.0,524.0,309982,309368,619350,44574,54951,99525,354556,364319,718875,138.6007,-34.9285
55,adelaide,Dec-19,2019,12,1708.0,496.0,1672.0,540.0,311283,311134,622417,48765,60945,109710,360048,372079,732127,138.6007,-34.9285
56,adelaide,Dec-20,2020,12,831.0,146.0,806.0,176.0,112726,108004,220730,1429,710,2139,114155,108714,222869,138.6007,-34.9285
57,adelaide,Dec-21,2021,12,1404.0,167.0,1402.0,170.0,152001,142689,294690,937,2799,3736,152938,145488,298426,138.6007,-34.9285
58,adelaide,Dec-22,2022,12,1462.0,617.0,1396.0,686.0,286051,282226,568277,28493,34434,62927,314544,316660,631204,138.6007,-34.9285
59,adelaide,Feb-04,2004,2,1320.0,69.0,1311.0,77.0,188669,185407,374076,12530,8745,21275,201199,194152,395351,138.6007,-34.9285
60,adelaide,Feb-05,2005,2,1318.0,148.0,1306.0,163.0,199071,195713,394784,14947,10875,25822,214018,206588,420606,138.6007,-34.9285
61,adelaide,Feb-06,2006,2,1587.0,120.0,1585.0,120.0,205750,201411,407161,15580,10304,25884,221330,211715,433045,138.6007,-34.9285
62,adelaide,Feb-07,2007,2,1324.0,113.0,1301.0,137.0,220136,217088,437224,19381,14132,33513,239517,231220,470737,138.6007,-34.9285
63,adelaide,Feb-08,2008,2,1379.0,199.0,1362.0,219.0,248622,246113,494735,21507,15549,37056,270129,261662,531791,138.6007,-34.9285
64,adelaide,Feb-09,2009,2,1408.0,222.0,1441.0,196.0,234778,232142,466920,21389,14795,36184,256167,246937,503104,138.6007,-34.9285
65,adelaide,Feb-10,2010,2,1515.0,164.0,1490.0,193.0,251775,248044,499819,21576,16706,38282,273351,264750,538101,138.6007,-34.9285
66,adelaide,Feb-11,2011,2,1560.0,334.0,1530.0,367.0,253474,247288,500762,22587,17514,40101,276061,264802,540863,138.6007,-34.9285
67,adelaide,Feb-12,2012,2,1758.0,188.0,1735.0,216.0,250287,241533,491820,26957,20520,47477,277244,262053,539297,138.6007,-34.9285
68,adelaide,Feb-13,2013,2,1689.0,277.0,1687.0,279.0,245055,237296,482351,32894,25038,57932,277949,262334,540283,138.6007,-34.9285
69,adelaide,Feb-14,2014,2,1825.0,159.0,1806.0,178.0,253235,250818,504053,40484,29320,69804,293719,280138,573857,138.6007,-34.9285
70,adelaide,Feb-15,2015,2,1846.0,174.0,1833.0,185.0,255345,248620,503965,38274,30765,69039,293619,279385,573004,138.6007,-34.9285
71,adelaide,Feb-16,2016,2,2099.0,162.0,2091.0,177.0,267124,259758,526882,35415,29381,64796,302539,289139,591678,138.6007,-34.9285
72,adelaide,Feb-17,2017,2,1854.0,259.0,1840.0,271.0,265665,258284,523949,37838,30773,68611,303503,289057,592560,138.6007,-34.9285
73,adelaide,Feb-18,2018,2,1866.0,238.0,1875.0,230.0,276851,270512,547363,40981,32712,73693,317832,303224,621056,138.6007,-34.9285
74,adelaide,Feb-19,2019,2,1826.0,279.0,1816.0,290.0,278620,272735,551355,44990,35260,80250,323610,307995,631605,138.6007,-34.9285
75,adelaide,Feb-20,2020,2,1718.0,355.0,1643.0,433.0,275909,266178,542087,41150,30615,71765,317059,296793,613852,138.6007,-34.9285
76,adelaide,Feb-21,2021,2,828.0,74.0,827.0,78.0,97732,97565,195297,1919,459,2378,99651,98024,197675,138.6007,-34.9285
77,adelaide,Feb-22,2022,2,996.0,129.0,974.0,145.0,138158,134762,272920,7289,4956,12245,145447,139718,285165,138.6007,-34.9285
78,adelaide,Feb-23,2023,2,1499.0,438.0,1442.0,500.0,255626,250364,505990,30587,24931,55518,286213,275295,561508,138.6007,-34.9285
79,adelaide,Jan-04,2004,1,1334.0,160.0,1354.0,140.0,197163,197850,395013,13508,11289,24797,210671,209139,419810,138.6007,-34.9285
80,adelaide,Jan-05,2005,1,1425.0,141.0,1431.0,135.0,201002,202577,403579,16357,14082,30439,217359,216659,434018,138.6007,-34.9285
81,adelaide,Jan-06,2006,1,1406.0,123.0,1428.0,106.0,217797,217209,435006,16837,14519,31356,234634,231728,466362,138.6007,-34.9285
82,adelaide,Jan-07,2007,1,1489.0,104.0,1485.0,109.0,232631,234547,467178,22042,17928,39970,254673,252475,507148,138.6007,-34.9285
83,adelaide,Jan-08,2008,1,1467.0,198.0,1451.0,216.0,259131,259113,518244,25056,20073,45129,284187,279186,563373,138.6007,-34.9285
84,adelaide,Jan-09,2009,1,1538.0,217.0,1521.0,234.0,259510,258122,517632,25145,19968,45113,284655,278090,562745,138.6007,-34.9285
85,adelaide,Jan-10,2010,1,1655.0,174.0,1680.0,149.0,260489,258574,519063,26569,22236,48805,287058,280810,567868,138.6007,-34.9285
86,adelaide,Jan-11,2011,1,1888.0,248.0,1837.0,299.0,275339,273902,549241,26556,22938,49494,301895,296840,598735,138.6007,-34.9285
87,adelaide,Jan-12,2012,1,1747.0,229.0,1721.0,250.0,258727,260757,519484,34486,27251,61737,293213,288008,581221,138.6007,-34.9285
88,adelaide,Jan-13,2013,1,1838.0,315.0,1835.0,320.0,262467,266159,528626,39912,30336,70248,302379,296495,598874,138.6007,-34.9285
89,adelaide,Jan-14,2014,1,1966.0,186.0,1960.0,201.0,277737,278835,556572,53530,41795,95325,331267,320630,651897,138.6007,-34.9285
90,adelaide,Jan-15,2015,1,1988.0,196.0,1951.0,239.0,271005,273323,544328,50816,40325,91141,321821,313648,635469,138.6007,-34.9285
91,adelaide,Jan-16,2016,1,2094.0,243.0,2046.0,288.0,282520,284142,566662,44890,39537,84427,327410,323679,651089,138.6007,-34.9285
92,adelaide,Jan-17,2017,1,1965.0,244.0,1983.0,230.0,292441,295396,587837,51344,42933,94277,343785,338329,682114,138.6007,-34.9285
93,adelaide,Jan-18,2018,1,1997.0,277.0,1991.0,285.0,300307,304558,604865,58412,47172,105584,358719,351730,710449,138.6007,-34.9285
94,adelaide,Jan-19,2019,1,2012.0,252.0,1991.0,270.0,293965,298986,592951,58221,49255,107476,352186,348241,700427,138.6007,-34.9285
95,adelaide,Jan-20,2020,1,1678.0,445.0,1649.0,481.0,294269,298774,593043,63966,53541,117507,358235,352315,710550,138.6007,-34.9285
96,adelaide,Jan-21,2021,1,891.0,107.0,892.0,108.0,112901,120628,233529,2115,526,2641,115016,121154,236170,138.6007,-34.9285
97,adelaide,Jan-22,2022,1,1068.0,156.0,1047.0,178.0,127555,129736,257291,4211,3718,7929,131766,133454,265220,138.6007,-34.9285
98,adelaide,Jan-23,2023,1,1649.0,457.0,1614.0,499.0,274435,279785,554220,41237,34113,75350,315672,313898,629570,138.6007,-34.9285
99,adelaide,Jul-04,2004,7,1309.0,179.0,1264.0,222.0,209844,210547,420391,14312,11764,26076,224156,222311,446467,138.6007,-34.9285
100,adelaide,Jul-05,2005,7,1383.0,226.0,1384.0,226.0,233287,234319,467606,16226,13907,30133,249513,248226,497739,138.6007,-34.9285
101,adelaide,Jul-06,2006,7,1412.0,192.0,1396.0,210.0,241672,243392,485064,20973,17547,38520,262645,260939,523584,138.6007,-34.9285
102,adelaide,Jul-07,2007,7,1283.0,347.0,1225.0,408.0,256624,258151,514775,21235,18685,39920,277859,276836,554695,138.6007,-34.9285
103,adelaide,Jul-08,2008,7,1321.0,404.0,1223.0,507.0,267588,270667,538255,22705,19301,42006,290293,289968,580261,138.6007,-34.9285
104,adelaide,Jul-09,2009,7,1548.0,280.0,1533.0,294.0,269949,272217,542166,24152,21200,45352,294101,293417,587518,138.6007,-34.9285
105,adelaide,Jul-10,2010,7,1888.0,402.0,1884.0,409.0,293548,297128,590676,25332,21846,47178,318880,318974,637854,138.6007,-34.9285
106,adelaide,Jul-11,2011,7,1774.0,319.0,1772.0,321.0,273786,277032,550818,28138,25253,53391,301924,302285,604209,138.6007,-34.9285
107,adelaide,Jul-12,2012,7,1869.0,299.0,1866.0,304.0,275669,269885,545554,31466,24802,56268,307135,294687,601822,138.6007,-34.9285
108,adelaide,Jul-13,2013,7,1794.0,434.0,1837.0,396.0,285287,290626,575913,38906,33858,72764,324193,324484,648677,138.6007,-34.9285
109,adelaide,Jul-14,2014,7,1923.0,378.0,1869.0,431.0,284112,289631,573743,51507,44103,95610,335619,333734,669353,138.6007,-34.9285
110,adelaide,Jul-15,2015,7,2111.0,282.0,2112.0,285.0,296045,302047,598092,40295,36893,77188,336340,338940,675280,138.6007,-34.9285
111,adelaide,Jul-16,2016,7,1871.0,457.0,1783.0,545.0,300002,307952,607954,47258,43425,90683,347260,351377,698637,138.6007,-34.9285
112,adelaide,Jul-17,2017,7,1808.0,479.0,1753.0,535.0,308341,310767,619108,46589,43123,89712,354930,353890,708820,138.6007,-34.9285
113,adelaide,Jul-18,2018,7,1789.0,546.0,1740.0,597.0,318564,319765,638329,48394,42872,91266,366958,362637,729595,138.6007,-34.9285
114,adelaide,Jul-19,2019,7,1744.0,565.0,1718.0,591.0,321154,325056,646210,55934,49299,105233,377088,374355,751443,138.6007,-34.9285
115,adelaide,Jul-20,2020,7,233.0,57.0,243.0,48.0,25774,27491,53265,350,313,663,26124,27804,53928,138.6007,-34.9285
116,adelaide,Jul-21,2021,7,732.0,94.0,708.0,120.0,65265,66156,131421,2816,2120,4936,68081,68276,136357,138.6007,-34.9285
117,adelaide,Jul-22,2022,7,1143.0,783.0,1141.0,786.0,287105,291796,578901,22259,22240,44499,309364,314036,623400,138.6007,-34.9285
118,adelaide,Jul-23,2023,7,1609.0,702.0,1527.0,784.0,299971,306821,606792,45312,40896,86208,345283,347717,693000,138.6007,-34.9285
119,adelaide,Jun-04,2004,6,1242.0,177.0,1242.0,177.0,179352,180766,360118,10254,11207,21461,189606,191973,381579,138.6007,-34.9285
120,adelaide,Jun-05,2005,6,1339.0,206.0,1328.0,214.0,199886,201150,401036,12830,13596,26426,212716,214746,427462,138.6007,-34.9285
121,adelaide,Jun-06,2006,6,1596.0,219.0,1601.0,219.0,215103,216769,431872,14554,15839,30393,229657,232608,462265,138.6007,-34.9285
122,adelaide,Jun-07,2007,6,1364.0,207.0,1341.0,231.0,223256,223278,446534,17277,18186,35463,240533,241464,481997,138.6007,-34.9285
123,adelaide,Jun-08,2008,6,1342.0,319.0,1265.0,400.0,236745,236649,473394,17653,17991,35644,254398,254640,509038,138.6007,-34.9285
124,adelaide,Jun-09,2009,6,1478.0,293.0,1483.0,289.0,242263,242610,484873,17680,19449,37129,259943,262059,522002,138.6007,-34.9285
125,adelaide,Jun-10,2010,6,1927.0,254.0,1920.0,266.0,260162,264413,524575,19742,21699,41441,279904,286112,566016,138.6007,-34.9285
126,adelaide,Jun-11,2011,6,1638.33,289.67,1634.34,286.65999999999997,237077,237976,475053,21671,22929,44600,258748,260905,519653,138.6007,-34.9285
127,adelaide,Jun-12,2012,6,1742.0,196.0,1726.0,211.0,243743,249972,493715,23206,26101,49307,266949,276073,543022,138.6007,-34.9285
128,adelaide,Jun-13,2013,6,1777.0,259.0,1785.0,252.0,249959,247004,496963,27642,30977,58619,277601,277981,555582,138.6007,-34.9285
129,adelaide,Jun-14,2014,6,1902.0,278.0,1890.0,292.0,260567,255415,515982,35861,44801,80662,296428,300216,596644,138.6007,-34.9285
130,adelaide,Jun-15,2015,6,2127.0,120.0,2117.0,131.0,252967,252494,505461,32695,37826,70521,285662,290320,575982,138.6007,-34.9285
131,adelaide,Jun-16,2016,6,1870.0,264.0,1801.0,333.0,269707,262566,532273,33289,39790,73079,302996,302356,605352,138.6007,-34.9285
132,adelaide,Jun-17,2017,6,1925.0,218.0,1930.0,217.0,273329,272795,546124,34097,39198,73295,307426,311993,619419,138.6007,-34.9285
133,adelaide,Jun-18,2018,6,1704.0,416.0,1659.0,464.0,279737,278632,558369,34610,43963,78573,314347,322595,636942,138.6007,-34.9285
134,adelaide,Jun-19,2019,6,1828.0,300.0,1770.0,367.0,279068,275957,555025,40583,47455,88038,319651,323412,643063,138.6007,-34.9285
135,adelaide,Jun-20,2020,6,71.0,15.0,73.0,14.0,12264,12993,25257,26,51,77,12290,13044,25334,138.6007,-34.9285
136,adelaide,Jun-21,2021,6,1179.0,179.0,1170.0,184.0,148588,149609,298197,3040,1642,4682,151628,151251,302879,138.6007,-34.9285
137,adelaide,Jun-22,2022,6,1326.0,634.0,1247.0,714.0,263202,258308,521510,13847,17516,31363,277049,275824,552873,138.6007,-34.9285
138,adelaide,Jun-23,2023,6,1484.0,759.0,1348.0,899.0,272888,275630,548518,31799,35432,67231,304687,311062,615749,138.6007,-34.9285
139,adelaide,Mar-04,2004,3,1416.0,75.0,1423.0,72.0,206191,209918,416109,10960,11578,22538,217151,221496,438647,138.6007,-34.9285
140,adelaide,Mar-05,2005,3,1450.0,161.0,1476.0,136.0,225952,228701,454653,14716,13922,28638,240668,242623,483291,138.6007,-34.9285
141,adelaide,Mar-06,2006,3,1802.0,167.0,1851.0,118.0,238973,241863,480836,14838,13676,28514,253811,255539,509350,138.6007,-34.9285
142,adelaide,Mar-07,2007,3,1460.0,165.0,1429.0,195.0,254122,257588,511710,20874,18490,39364,274996,276078,551074,138.6007,-34.9285
143,adelaide,Mar-08,2008,3,1504.0,202.0,1520.0,185.0,272955,275896,548851,21218,19282,40500,294173,295178,589351,138.6007,-34.9285
144,adelaide,Mar-09,2009,3,1666.0,240.0,1680.0,224.0,280441,284820,565261,19466,18154,37620,299907,302974,602881,138.6007,-34.9285
145,adelaide,Mar-10,2010,3,1657.0,225.0,1650.0,235.0,292054,294892,586946,22086,20609,42695,314140,315501,629641,138.6007,-34.9285
146,adelaide,Mar-11,2011,3,1864.0,327.0,1827.0,371.0,293734,295355,589089,21787,21351,43138,315521,316706,632227,138.6007,-34.9285
147,adelaide,Mar-12,2012,3,1806.0,314.0,1807.0,311.0,277032,282302,559334,25746,25886,51632,302778,308188,610966,138.6007,-34.9285
148,adelaide,Mar-13,2013,3,1821.0,399.0,1860.0,364.0,282049,284894,566943,30633,30591,61224,312682,315485,628167,138.6007,-34.9285
149,adelaide,Mar-14,2014,3,1973.0,280.0,1963.0,287.0,287307,293996,581303,35407,35805,71212,322714,329801,652515,138.6007,-34.9285
150,adelaide,Mar-15,2015,3,2100.0,211.0,2054.0,257.0,291956,293217,585173,34114,36696,70810,326070,329913,655983,138.6007,-34.9285
151,adelaide,Mar-16,2016,3,2123.0,286.0,2092.0,318.0,305728,298866,604594,32873,33552,66425,338601,332418,671019,138.6007,-34.9285
152,adelaide,Mar-17,2017,3,2004.0,374.0,2021.0,363.0,309494,311591,621085,34763,36346,71109,344257,347937,692194,138.6007,-34.9285
153,adelaide,Mar-18,2018,3,2064.0,297.0,2060.0,308.0,320101,318876,638977,37451,40042,77493,357552,358918,716470,138.6007,-34.9285
154,adelaide,Mar-19,2019,3,1940.0,417.0,1933.0,424.0,314477,318070,632547,38857,39981,78838,353334,358051,711385,138.6007,-34.9285
155,adelaide,Mar-20,2020,3,1467.0,225.0,1438.0,250.0,192633,193960,386593,23735,18459,42194,216368,212419,428787,138.6007,-34.9285
156,adelaide,Mar-21,2021,3,1236.0,181.0,1244.0,174.0,171916,171932,343848,2124,413,2537,174040,172345,346385,138.6007,-34.9285
157,adelaide,Mar-22,2022,3,1413.0,260.0,1377.0,298.0,222888,220124,443012,7098,8046,15144,229986,228170,458156,138.6007,-34.9285
158,adelaide,Mar-23,2023,3,1550.0,654.0,1503.0,706.0,310519,306729,617248,33742,30455,64197,344261,337184,681445,138.6007,-34.9285
159,adelaide,May-04,2004,5,1375.0,103.0,1373.0,102.0,188099,190019,378118,8731,11527,20258,196830,201546,398376,138.6007,-34.9285
160,adelaide,May-05,2005,5,1482.0,122.0,1486.0,120.0,210948,211819,422767,11771,14314,26085,222719,226133,448852,138.6007,-34.9285
161,adelaide,May-06,2006,5,1739.0,147.0,1777.0,141.0,227121,229568,456689,13450,15116,28566,240571,244684,485255,138.6007,-34.9285
162,adelaide,May-07,2007,5,1449.0,143.0,1436.0,160.0,236339,237644,473983,14657,17770,32427,250996,255414,506410,138.6007,-34.9285
163,adelaide,May-08,2008,5,1587.0,177.0,1543.0,221.0,250437,253129,503566,17470,19098,36568,267907,272227,540134,138.6007,-34.9285
164,adelaide,May-09,2009,5,1577.0,229.0,1597.0,209.0,258273,258930,517203,17085,19321,36406,275358,278251,553609,138.6007,-34.9285
165,adelaide,May-10,2010,5,2051.0,220.0,2036.0,234.0,269597,272381,541978,18231,21100,39331,287828,293481,581309,138.6007,-34.9285
166,adelaide,May-11,2011,5,1930.0,232.0,1918.0,244.0,273748,274350,548098,21287,24027,45314,295035,298377,593412,138.6007,-34.9285
167,adelaide,May-12,2012,5,1826.0,191.0,1839.0,183.0,261753,264360,526113,20661,24575,45236,282414,288935,571349,138.6007,-34.9285
168,adelaide,May-13,2013,5,1920.0,237.0,1945.0,217.0,259610,263814,523424,25232,29676,54908,284842,293490,578332,138.6007,-34.9285
169,adelaide,May-14,2014,5,2030.0,228.0,2070.0,193.0,266981,269417,536398,34798,39547,74345,301779,308964,610743,138.6007,-34.9285
170,adelaide,May-15,2015,5,2043.0,226.0,2018.0,253.0,270553,272195,542748,31243,36424,67667,301796,308619,610415,138.6007,-34.9285
171,adelaide,May-16,2016,5,1951.0,277.0,1947.0,279.0,281939,282036,563975,31336,37676,69012,313275,319712,632987,138.6007,-34.9285
172,adelaide,May-17,2017,5,1983.0,220.0,1984.0,222.0,285884,284998,570882,33197,37924,71121,319081,322922,642003,138.6007,-34.9285
173,adelaide,May-18,2018,5,1917.0,268.0,1911.0,272.0,294206,295304,589510,34981,39547,74528,329187,334851,664038,138.6007,-34.9285
174,adelaide,May-19,2019,5,1923.0,326.0,1895.0,361.0,294271,296479,590750,38454,43024,81478,332725,339503,672228,138.6007,-34.9285
175,adelaide,May-20,2020,5,57.0,6.0,60.0,3.0,7273,8466,15739,0,0,0,7273,8466,15739,138.6007,-34.9285
176,adelaide,May-21,2021,5,1573.0,209.0,1540.0,240.0,208206,212298,420504,2823,1464,4287,211029,213762,424791,138.6007,-34.9285
177,adelaide,May-22,2022,5,1418.0,625.0,1340.0,710.0,268778,265119,533897,12693,12808,25501,281471,277927,559398,138.6007,-34.9285
178,adelaide,May-23,2023,5,1712.0,705.0,1741.0,680.0,296058,291446,587504,31211,33022,64233,327269,324468,651737,138.6007,-34.9285
179,adelaide,Nov-04,2004,11,1348.0,139.0,1311.0,178.0,210371,209711,420082,11890,11101,22991,222261,220812,443073,138.6007,-34.9285
180,adelaide,Nov-05,2005,11,1343.0,185.0,1305.0,218.0,220297,221854,442151,13653,12548,26201,233950,234402,468352,138.6007,-34.9285
181,adelaide,Nov-06,2006,11,1456.0,153.0,1431.0,177.0,245908,240884,486792,18211,15523,33734,264119,256407,520526,138.6007,-34.9285
182,adelaide,Nov-07,2007,11,1357.0,257.0,1330.0,279.0,255705,256161,511866,20060,18046,38106,275765,274207,549972,138.6007,-34.9285
183,adelaide,Nov-08,2008,11,1373.0,428.0,1307.0,497.0,262677,262175,524852,20339,18220,38559,283016,280395,563411,138.6007,-34.9285
184,adelaide,Nov-09,2009,11,1533.0,223.0,1502.0,249.0,264644,266874,531518,21906,21543,43449,286550,288417,574967,138.6007,-34.9285
185,adelaide,Nov-10,2010,11,1847.0,261.0,1828.0,287.0,283723,284665,568388,22317,21729,44046,306040,306394,612434,138.6007,-34.9285
186,adelaide,Nov-11,2011,11,1732.0,257.0,1678.0,312.0,264907,266632,531539,24604,23324,47928,289511,289956,579467,138.6007,-34.9285
187,adelaide,Nov-12,2012,11,1846.0,318.0,1791.0,377.0,285081,283544,568625,28453,30172,58625,313534,313716,627250,138.6007,-34.9285
188,adelaide,Nov-13,2013,11,1842.0,274.0,1827.0,297.0,279869,279000,558869,34066,34016,68082,313935,313016,626951,138.6007,-34.9285
189,adelaide,Nov-14,2014,11,1898.0,266.0,1856.0,305.0,279539,279238,558777,33966,35010,68976,313505,314248,627753,138.6007,-34.9285
190,adelaide,Nov-15,2015,11,2054.0,253.0,1976.0,328.0,296138,294450,590588,30136,30705,60841,326274,325155,651429,138.6007,-34.9285
191,adelaide,Nov-16,2016,11,1978.0,331.0,1950.0,356.0,304689,305932,610621,34776,36227,71003,339465,342159,681624,138.6007,-34.9285
192,adelaide,Nov-17,2017,11,1955.0,343.0,1970.0,332.0,316350,311569,627919,37547,36871,74418,353897,348440,702337,138.6007,-34.9285
193,adelaide,Nov-18,2018,11,1662.0,579.0,1654.0,593.0,317799,316175,633974,40957,41321,82278,358756,357496,716252,138.6007,-34.9285
194,adelaide,Nov-19,2019,11,1765.0,449.0,1635.0,576.0,320697,322044,642741,43856,43075,86931,364553,365119,729672,138.6007,-34.9285
195,adelaide,Nov-20,2020,11,555.0,116.0,582.0,88.0,70193,73760,143953,959,481,1440,71152,74241,145393,138.6007,-34.9285
196,adelaide,Nov-21,2021,11,798.0,96.0,790.0,103.0,116813,113929,230742,1180,1299,2479,117993,115228,233221,138.6007,-34.9285
197,adelaide,Nov-22,2022,11,1217.0,783.0,1197.0,805.0,289145,290101,579246,26291,25667,51958,315436,315768,631204,138.6007,-34.9285
198,adelaide,Nov-23,2023,11,1507.0,698.0,1446.0,769.0,317671,320807,638478,35710,34357,70067,353381,355164,708545,138.6007,-34.9285
199,adelaide,Oct-04,2004,10,1318.0,188.0,1310.0,197.0,220280,213944,434224,14912,10464,25376,235192,224408,459600,138.6007,-34.9285
200,adelaide,Oct-05,2005,10,1368.0,231.0,1362.0,238.0,243691,241434,485125,15960,12620,28580,259651,254054,513705,138.6007,-34.9285
201,adelaide,Oct-06,2006,10,1541.0,113.0,1548.0,111.0,257160,250871,508031,21877,15822,37699,279037,266693,545730,138.6007,-34.9285
202,adelaide,Oct-07,2007,10,1373.0,288.0,1307.0,348.0,274162,270589,544751,22764,16099,38863,296926,286688,583614,138.6007,-34.9285
203,adelaide,Oct-08,2008,10,1509.0,348.0,1442.0,415.0,285523,281317,566840,24131,17330,41461,309654,298647,608301,138.6007,-34.9285
204,adelaide,Oct-09,2009,10,1575.0,226.0,1560.0,239.0,284313,277153,561466,26544,20496,47040,310857,297649,608506,138.6007,-34.9285
205,adelaide,Oct-10,2010,10,1929.0,302.0,1900.0,329.0,313687,301158,614845,27111,19830,46941,340798,320988,661786,138.6007,-34.9285
206,adelaide,Oct-11,2011,10,1749.0,259.0,1731.0,275.0,278028,273082,551110,28930,23095,52025,306958,296177,603135,138.6007,-34.9285
207,adelaide,Oct-12,2012,10,1949.0,221.0,1920.0,252.0,287626,281100,568726,30722,22970,53692,318348,304070,622418,138.6007,-34.9285
208,adelaide,Oct-13,2013,10,1819.0,434.0,1768.0,488.0,306551,300868,607419,39954,28567,68521,346505,329435,675940,138.6007,-34.9285
209,adelaide,Oct-14,2014,10,2100.0,252.0,2128.0,231.0,319150,311531,630681,44279,35206,79485,363429,346737,710166,138.6007,-34.9285
210,adelaide,Oct-15,2015,10,2181.0,211.0,2166.0,223.0,315821,304706,620527,39982,32407,72389,355803,337113,692916,138.6007,-34.9285
211,adelaide,Oct-16,2016,10,1935.0,425.0,1906.0,456.0,317098,319192,636290,46341,35408,81749,363439,354600,718039,138.6007,-34.9285
212,adelaide,Oct-17,2017,10,1994.0,354.0,1998.0,348.0,327412,326148,653560,46426,36194,82620,373838,362342,736180,138.6007,-34.9285
213,adelaide,Oct-18,2018,10,1970.0,405.0,1965.0,414.0,329727,327636,657363,49784,38321,88105,379511,365957,745468,138.6007,-34.9285
214,adelaide,Oct-19,2019,10,1888.0,455.0,1857.0,492.0,345636,343411,689047,55867,43338,99205,401503,386749,788252,138.6007,-34.9285
215,adelaide,Oct-20,2020,10,613.0,70.0,605.0,74.0,90979,90918,181897,1509,537,2046,92488,91455,183943,138.6007,-34.9285
216,adelaide,Oct-21,2021,10,658.0,57.0,636.0,77.0,93731,91605,185336,1152,835,1987,94883,92440,187323,138.6007,-34.9285
217,adelaide,Oct-22,2022,10,1386.0,628.0,1394.0,621.0,304480,300696,605176,25603,22827,48430,330083,323523,653606,138.6007,-34.9285
218,adelaide,Oct-23,2023,10,1829.0,628.0,1727.0,735.0,331244,327522,658766,44490,35907,80397,375734,363429,739163,138.6007,-34.9285
219,adelaide,Sep-04,2004,9,1299.0,193.0,1293.0,200.0,206313,212285,418598,12404,12436,24840,218717,224721,443438,138.6007,-34.9285
220,adelaide,Sep-05,2005,9,1434.0,172.0,1427.0,176.0,221138,224352,445490,13429,11769,25198,234567,236121,470688,138.6007,-34.9285
221,adelaide,Sep-06,2006,9,1431.0,164.0,1436.0,157.0,235685,237135,472820,18215,16346,34561,253900,253481,507381,138.6007,-34.9285
222,adelaide,Sep-07,2007,9,1517.0,223.0,1362.0,251.0,248160,248431,496591,18979,18782,37761,267139,267213,534352,138.6007,-34.9285
223,adelaide,Sep-08,2008,9,1385.0,361.0,1319.0,428.0,256020,257855,513875,20161,19772,39933,276181,277627,553808,138.6007,-34.9285
224,adelaide,Sep-09,2009,9,1457.0,286.0,1432.0,308.0,264127,267734,531861,22039,22699,44738,286166,290433,576599,138.6007,-34.9285
225,adelaide,Sep-10,2010,9,1823.0,339.0,1787.0,381.0,282205,287767,569972,23201,22552,45753,305406,310319,615725,138.6007,-34.9285
226,adelaide,Sep-11,2011,9,1773.0,228.0,1744.0,261.0,262527,261455,523982,25906,25166,51072,288433,286621,575054,138.6007,-34.9285
227,adelaide,Sep-12,2012,9,1784.0,290.0,1772.0,311.0,269802,270676,540478,27126,27912,55038,296928,298588,595516,138.6007,-34.9285
228,adelaide,Sep-13,2013,9,1849.0,320.0,1875.0,304.0,272655,272652,545307,34517,35056,69573,307172,307708,614880,138.6007,-34.9285
229,adelaide,Sep-14,2014,9,2043.0,230.0,2060.0,217.0,276540,280913,557453,39785,40956,80741,316325,321869,638194,138.6007,-34.9285
230,adelaide,Sep-15,2015,9,2185.0,151.0,2184.0,150.0,279982,283113,563095,35418,35682,71100,315400,318795,634195,138.6007,-34.9285
231,adelaide,Sep-16,2016,9,1972.0,336.0,1931.0,383.0,293756,288573,582329,42085,41067,83152,335841,329640,665481,138.6007,-34.9285
232,adelaide,Sep-17,2017,9,1827.0,439.0,1764.0,510.0,296741,294811,591552,44410,42623,87033,341151,337434,678585,138.6007,-34.9285
233,adelaide,Sep-18,2018,9,1906.0,322.0,1878.0,356.0,300580,300750,601330,45590,43804,89394,346170,344554,690724,138.6007,-34.9285
234,adelaide,Sep-19,2019,9,1726.0,487.0,1658.0,561.0,308230,308039,616269,53080,51858,104938,361310,359897,721207,138.6007,-34.9285
235,adelaide,Sep-20,2020,9,360.0,53.0,355.0,60.0,49137,50346,99483,1123,590,1713,50260,50936,101196,138.6007,-34.9285
236,adelaide,Sep-21,2021,9,625.0,59.0,614.0,74.0,78689,81802,160491,1173,681,1854,79862,82483,162345,138.6007,-34.9285
237,adelaide,Sep-22,2022,9,1328.0,552.0,1284.0,602.0,276769,271841,548610,23363,22819,46182,300132,294660,594792,138.6007,-34.9285
238,adelaide,Sep-23,2023,9,1760.0,630.0,1744.0,644.0,297536,300179,597715,39684,37768,77452,337220,337947,675167,138.6007,-34.9285
239,alice springs,Apr-04,2004,4,56.0,4.0,57.0,3.0,25577,25787,51364,0,0,0,25577,25787,51364,133.8807,-23.698
240,alice springs,Apr-05,2005,4,35.0,8.0,43.0,0.0,24772,25169,49941,0,0,0,24772,25169,49941,133.8807,-23.698
241,alice springs,Apr-08,2008,4,37.0,6.0,38.0,5.0,25551,26036,51587,0,0,0,25551,26036,51587,133.8807,-23.698
242,alice springs,Aug-04,2004,8,43.0,19.0,46.0,16.0,28897,30062,58959,0,0,0,28897,30062,58959,133.8807,-23.698
243,alice springs,Aug-05,2005,8,32.0,17.0,42.0,7.0,28064,29605,57669,0,0,0,28064,29605,57669,133.8807,-23.698
244,alice springs,Aug-08,2008,8,23.0,21.0,34.0,10.0,30189,31694,61883,0,0,0,30189,31694,61883,133.8807,-23.698
245,alice springs,Dec-08,2008,12,43.0,3.0,45.0,1.0,24208,27044,51252,0,0,0,24208,27044,51252,133.8807,-23.698
246,alice springs,Feb-04,2004,2,55.0,3.0,57.0,2.0,21697,21326,43023,0,0,0,21697,21326,43023,133.8807,-23.698
247,alice springs,Feb-05,2005,2,36.0,4.0,34.0,6.0,20839,21144,41983,0,0,0,20839,21144,41983,133.8807,-23.698
248,alice springs,Jan-04,2004,1,61.0,2.0,62.0,1.0,22856,22426,45282,0,0,0,22856,22426,45282,133.8807,-23.698
249,alice springs,Jan-05,2005,1,41.0,4.0,40.0,5.0,23354,22355,45709,0,0,0,23354,22355,45709,133.8807,-23.698
250,alice springs,Jul-04,2004,7,49.0,13.0,55.0,7.0,30596,31780,62376,0,0,0,30596,31780,62376,133.8807,-23.698
251,alice springs,Jul-05,2005,7,35.0,14.0,30.0,19.0,30203,31562,61765,0,0,0,30203,31562,61765,133.8807,-23.698
252,alice springs,Jul-08,2008,7,20.0,25.0,29.0,16.0,33118,34447,67565,0,0,0,33118,34447,67565,133.8807,-23.698
253,alice springs,Jun-04,2004,6,46.0,14.0,54.0,6.0,25293,25416,50709,0,0,0,25293,25416,50709,133.8807,-23.698
254,alice springs,Jun-05,2005,6,39.0,8.0,37.0,10.0,24044,24815,48859,0,0,0,24044,24815,48859,133.8807,-23.698
255,alice springs,Jun-08,2008,6,31.0,11.0,36.0,6.0,26771,26191,52962,0,0,0,26771,26191,52962,133.8807,-23.698
256,alice springs,Mar-04,2004,3,61.0,1.0,63.0,0.0,24862,25085,49947,0,0,0,24862,25085,49947,133.8807,-23.698
257,alice springs,Mar-05,2005,3,39.0,5.0,44.0,0.0,24412,24569,48981,0,0,0,24412,24569,48981,133.8807,-23.698
258,alice springs,May-04,2004,5,50.0,12.0,55.0,7.0,23172,23867,47039,0,0,0,23172,23867,47039,133.8807,-23.698
259,alice springs,May-05,2005,5,41.0,7.0,47.0,2.0,21866,23022,44888,0,0,0,21866,23022,44888,133.8807,-23.698
260,alice springs,May-08,2008,5,35.0,10.0,40.0,5.0,24968,26092,51060,0,0,0,24968,26092,51060,133.8807,-23.698
261,alice springs,Nov-04,2004,11,25.0,5.0,29.0,1.0,24394,24946,49340,0,0,0,24394,24946,49340,133.8807,-23.698
262,alice springs,Nov-08,2008,11,23.0,20.0,29.0,14.0,27489,27839,55328,0,0,0,27489,27839,55328,133.8807,-23.698
263,alice springs,Oct-04,2004,10,41.0,13.0,47.0,7.0,28135,28586,56721,0,0,0,28135,28586,56721,133.8807,-23.698
264,alice springs,Oct-08,2008,10,29.0,15.0,41.0,3.0,29297,30837,60134,0,0,0,29297,30837,60134,133.8807,-23.698
265,alice springs,Sep-04,2004,9,44.0,9.0,46.0,7.0,26245,26569,52814,0,0,0,26245,26569,52814,133.8807,-23.698
266,alice springs,Sep-05,2005,9,27.0,5.0,27.0,5.0,25214,26029,51243,0,0,0,25214,26029,51243,133.8807,-23.698
267,alice springs,Sep-08,2008,9,27.0,16.0,36.0,7.0,29717,29310,59027,0,0,0,29717,29310,59027,133.8807,-23.698
268,ballina,Apr-05,2005,4,172.0,29.0,169.0,33.0,8518,8694,17212,0,0,0,8518,8694,17212,153.5629,-28.8344
269,ballina,Apr-06,2006,4,155.0,19.0,158.0,18.0,14169,14256,28425,0,0,0,14169,14256,28425,153.5629,-28.8344
270,ballina,Apr-07,2007,4,143.0,26.0,141.0,29.0,12580,12644,25224,0,0,0,12580,12644,25224,153.5629,-28.8344
271,ballina,Apr-08,2008,4,84.0,72.0,93.0,64.0,12564,12859,25423,0,0,0,12564,12859,25423,153.5629,-28.8344
272,ballina,Apr-09,2009,4,93.0,50.0,105.0,38.0,14106,14505,28611,0,0,0,14106,14505,28611,153.5629,-28.8344
273,ballina,Apr-10,2010,4,128.0,22.0,128.0,20.0,10375,10614,20989,0,0,0,10375,10614,20989,153.5629,-28.8344
274,ballina,Apr-11,2011,4,105.0,40.0,115.0,28.0,13126,13075,26201,0,0,0,13126,13075,26201,153.5629,-28.8344
275,ballina,Apr-12,2012,4,69.0,36.0,74.0,31.0,14958,15119,30077,0,0,0,14958,15119,30077,153.5629,-28.8344
276,ballina,Apr-13,2013,4,109.0,30.0,119.0,21.0,16197,17705,33902,0,0,0,16197,17705,33902,153.5629,-28.8344
277,ballina,Apr-14,2014,4,119.0,24.0,123.0,21.0,16926,17256,34182,0,0,0,16926,17256,34182,153.5629,-28.8344
278,ballina,Apr-15,2015,4,88.0,43.0,99.0,34.0,19599,20173,39772,0,0,0,19599,20173,39772,153.5629,-28.8344
279,ballina,Apr-16,2016,4,97.0,27.0,108.0,16.0,19736,20262,39998,0,0,0,19736,20262,39998,153.5629,-28.8344
280,ballina,Apr-17,2017,4,97.0,52.0,132.0,19.0,24319,24171,48490,0,0,0,24319,24171,48490,153.5629,-28.8344
281,ballina,Apr-18,2018,4,105.0,37.0,122.0,22.0,23004,24426,47430,0,0,0,23004,24426,47430,153.5629,-28.8344
282,ballina,Apr-19,2019,4,114.0,37.0,128.0,24.0,24051,23949,48000,0,0,0,24051,23949,48000,153.5629,-28.8344
283,ballina,Apr-21,2021,4,204.0,58.0,204.0,58.0,29364,29741,59105,0,0,0,29364,29741,59105,153.5629,-28.8344
284,ballina,Apr-22,2022,4,149.0,108.0,149.0,113.0,30264,30175,60439,0,0,0,30264,30175,60439,153.5629,-28.8344
285,ballina,Apr-23,2023,4,129.0,75.0,137.0,67.0,26230,26146,52376,0,0,0,26230,26146,52376,153.5629,-28.8344
286,ballina,Aug-05,2005,8,138.0,27.0,145.0,19.0,9472,9714,19186,0,0,0,9472,9714,19186,153.5629,-28.8344
287,ballina,Aug-06,2006,8,161.0,20.0,166.0,17.0,12511,12813,25324,0,0,0,12511,12813,25324,153.5629,-28.8344
288,ballina,Aug-07,2007,8,132.0,33.0,131.0,35.0,12365,12552,24917,0,0,0,12365,12552,24917,153.5629,-28.8344
289,ballina,Aug-08,2008,8,101.0,37.0,108.0,39.0,12323,12134,24457,0,0,0,12323,12134,24457,153.5629,-28.8344
290,ballina,Aug-09,2009,8,121.0,24.0,127.0,19.0,10524,10682,21206,0,0,0,10524,10682,21206,153.5629,-28.8344
291,ballina,Aug-10,2010,8,116.0,35.0,121.0,30.0,10601,10387,20988,0,0,0,10601,10387,20988,153.5629,-28.8344
292,ballina,Aug-11,2011,8,118.0,24.0,122.0,21.0,11550,12010,23560,0,0,0,11550,12010,23560,153.5629,-28.8344
293,ballina,Aug-12,2012,8,87.0,25.0,95.0,21.0,13031,13376,26407,0,0,0,13031,13376,26407,153.5629,-28.8344
294,ballina,Aug-13,2013,8,86.0,19.0,94.0,11.0,14164,14148,28312,0,0,0,14164,14148,28312,153.5629,-28.8344
295,ballina,Aug-14,2014,8,93.0,25.0,104.0,20.0,14707,15200,29907,0,0,0,14707,15200,29907,153.5629,-28.8344
296,ballina,Aug-15,2015,8,104.0,21.0,114.0,13.0,17107,17073,34180,0,0,0,17107,17073,34180,153.5629,-28.8344
297,ballina,Aug-16,2016,8,112.0,19.0,116.0,14.0,16839,17001,33840,0,0,0,16839,17001,33840,153.5629,-28.8344
298,ballina,Aug-17,2017,8,103.0,26.0,118.0,12.0,16863,16984,33847,0,0,0,16863,16984,33847,153.5629,-28.8344
299,ballina,Aug-18,2018,8,98.0,41.0,111.0,29.0,20039,20084,40123,0,0,0,20039,20084,40123,153.5629,-28.8344
300,ballina,Aug-19,2019,8,98.0,34.0,109.0,24.0,19791,19809,39600,0,0,0,19791,19809,39600,153.5629,-28.8344
301,ballina,Aug-20,2020,8,121.0,13.0,125.0,9.0,13248,13906,27154,0,0,0,13248,13906,27154,153.5629,-28.8344
302,ballina,Aug-21,2021,8,32.0,3.0,33.0,2.0,1066,1119,2185,0,0,0,1066,1119,2185,153.5629,-28.8344
303,ballina,Aug-22,2022,8,122.0,76.0,123.0,75.0,22354,23191,45545,0,0,0,22354,23191,45545,153.5629,-28.8344
304,ballina,Aug-23,2023,8,167.0,54.0,171.0,50.0,25100,25478,50578,0,0,0,25100,25478,50578,153.5629,-28.8344
305,ballina,Dec-04,2004,12,91.0,31.0,89.0,32.0,9589,9134,18723,0,0,0,9589,9134,18723,153.5629,-28.8344
306,ballina,Dec-05,2005,12,154.0,32.0,158.0,28.0,13015,12603,25618,0,0,0,13015,12603,25618,153.5629,-28.8344
307,ballina,Dec-06,2006,12,159.0,28.0,148.0,38.0,15275,14729,30004,0,0,0,15275,14729,30004,153.5629,-28.8344
308,ballina,Dec-07,2007,12,134.0,48.0,128.0,56.0,14994,14375,29369,0,0,0,14994,14375,29369,153.5629,-28.8344
309,ballina,Dec-08,2008,12,89.0,63.0,99.0,55.0,15329,14762,30091,0,0,0,15329,14762,30091,153.5629,-28.8344
310,ballina,Dec-09,2009,12,124.0,44.0,129.0,41.0,12602,12676,25278,0,0,0,12602,12676,25278,153.5629,-28.8344
311,ballina,Dec-10,2010,12,131.0,50.0,135.0,49.0,14405,14158,28563,0,0,0,14405,14158,28563,153.5629,-28.8344
312,ballina,Dec-11,2011,12,91.0,36.0,106.0,18.0,15756,15002,30758,0,0,0,15756,15002,30758,153.5629,-28.8344
313,ballina,Dec-12,2012,12,67.0,49.0,92.0,28.0,17720,16588,34308,0,0,0,17720,16588,34308,153.5629,-28.8344
314,ballina,Dec-13,2013,12,105.0,28.0,119.0,18.0,20927,18906,39833,0,0,0,20927,18906,39833,153.5629,-28.8344
315,ballina,Dec-14,2014,12,88.0,39.0,98.0,33.0,20079,19225,39304,0,0,0,20079,19225,39304,153.5629,-28.8344
316,ballina,Dec-15,2015,12,92.0,42.0,103.0,33.0,22277,21230,43507,0,0,0,22277,21230,43507,153.5629,-28.8344
317,ballina,Dec-16,2016,12,108.0,49.0,130.0,27.0,25920,24405,50325,0,0,0,25920,24405,50325,153.5629,-28.8344
318,ballina,Dec-17,2017,12,110.0,44.0,120.0,31.0,26533,24745,51278,0,0,0,26533,24745,51278,153.5629,-28.8344
319,ballina,Dec-18,2018,12,92.0,60.0,112.0,40.0,26557,24963,51520,0,0,0,26557,24963,51520,153.5629,-28.8344
320,ballina,Dec-19,2019,12,87.0,59.0,99.0,48.0,27028,24448,51476,0,0,0,27028,24448,51476,153.5629,-28.8344
321,ballina,Dec-20,2020,12,213.0,39.0,224.0,31.0,35876,31529,67405,0,0,0,35876,31529,67405,153.5629,-28.8344
322,ballina,Dec-21,2021,12,224.0,95.0,272.0,48.0,55978,50443,106421,0,0,0,55978,50443,106421,153.5629,-28.8344
323,ballina,Dec-22,2022,12,154.0,69.0,163.0,61.0,28435,28278,56713,0,0,0,28435,28278,56713,153.5629,-28.8344
324,ballina,Feb-05,2005,2,154.0,34.0,151.0,38.0,7631,7950,15581,0,0,0,7631,7950,15581,153.5629,-28.8344
325,ballina,Feb-06,2006,2,133.0,17.0,131.0,19.0,9543,9973,19516,0,0,0,9543,9973,19516,153.5629,-28.8344
326,ballina,Feb-07,2007,2,135.0,17.0,135.0,19.0,11924,12110,24034,0,0,0,11924,12110,24034,153.5629,-28.8344
327,ballina,Feb-08,2008,2,103.0,50.0,100.0,54.0,12583,12960,25543,0,0,0,12583,12960,25543,153.5629,-28.8344
328,ballina,Feb-09,2009,2,68.0,58.0,71.0,56.0,14005,14383,28388,0,0,0,14005,14383,28388,153.5629,-28.8344
329,ballina,Feb-10,2010,2,100.0,37.0,100.0,38.0,10903,10929,21832,0,0,0,10903,10929,21832,153.5629,-28.8344
330,ballina,Feb-11,2011,2,82.0,48.0,98.0,31.0,11708,11897,23605,0,0,0,11708,11897,23605,153.5629,-28.8344
331,ballina,Feb-12,2012,2,72.0,35.0,87.0,18.0,11864,12078,23942,0,0,0,11864,12078,23942,153.5629,-28.8344
332,ballina,Feb-13,2013,2,43.0,36.0,47.0,35.0,11303,11795,23098,0,0,0,11303,11795,23098,153.5629,-28.8344
333,ballina,Feb-14,2014,2,65.0,18.0,72.0,15.0,14861,15231,30092,0,0,0,14861,15231,30092,153.5629,-28.8344
334,ballina,Feb-15,2015,2,83.0,19.0,94.0,9.0,15486,15959,31445,0,0,0,15486,15959,31445,153.5629,-28.8344
335,ballina,Feb-16,2016,2,98.0,22.0,106.0,15.0,18248,18346,36594,0,0,0,18248,18346,36594,153.5629,-28.8344
336,ballina,Feb-17,2017,2,83.0,36.0,97.0,24.0,18510,18387,36897,0,0,0,18510,18387,36897,153.5629,-28.8344
337,ballina,Feb-18,2018,2,102.0,26.0,107.0,23.0,20782,20844,41626,0,0,0,20782,20844,41626,153.5629,-28.8344
338,ballina,Feb-19,2019,2,87.0,27.0,80.0,39.0,18999,19168,38167,0,0,0,18999,19168,38167,153.5629,-28.8344
339,ballina,Feb-20,2020,2,71.0,52.0,90.0,36.0,20690,20309,40999,0,0,0,20690,20309,40999,153.5629,-28.8344
340,ballina,Feb-21,2021,2,162.0,28.0,165.0,27.0,25021,24357,49378,0,0,0,25021,24357,49378,153.5629,-28.8344
341,ballina,Feb-22,2022,2,120.0,47.0,132.0,34.0,20886,20946,41832,0,0,0,20886,20946,41832,153.5629,-28.8344
342,ballina,Feb-23,2023,2,116.0,75.0,136.0,56.0,24589,24374,48963,0,0,0,24589,24374,48963,153.5629,-28.8344
343,ballina,Jan-05,2005,1,162.0,39.0,167.0,39.0,9510,10058,19568,0,0,0,9510,10058,19568,153.5629,-28.8344
344,ballina,Jan-06,2006,1,146.0,34.0,149.0,33.0,12554,14238,26792,0,0,0,12554,14238,26792,153.5629,-28.8344
345,ballina,Jan-07,2007,1,155.0,30.0,155.0,30.0,15413,16571,31984,0,0,0,15413,16571,31984,153.5629,-28.8344
346,ballina,Jan-08,2008,1,135.0,46.0,134.0,51.0,13962,14921,28883,0,0,0,13962,14921,28883,153.5629,-28.8344
347,ballina,Jan-09,2009,1,108.0,38.0,119.0,27.0,15908,17145,33053,0,0,0,15908,17145,33053,153.5629,-28.8344
348,ballina,Jan-10,2010,1,132.0,31.0,139.0,24.0,12345,13148,25493,0,0,0,12345,13148,25493,153.5629,-28.8344
349,ballina,Jan-11,2011,1,123.0,36.0,139.0,21.0,14507,16411,30918,0,0,0,14507,16411,30918,153.5629,-28.8344
350,ballina,Jan-12,2012,1,96.0,44.0,116.0,26.0,17159,18871,36030,0,0,0,17159,18871,36030,153.5629,-28.8344
351,ballina,Jan-13,2013,1,81.0,47.0,99.0,32.0,17319,19332,36651,0,0,0,17319,19332,36651,153.5629,-28.8344
352,ballina,Jan-14,2014,1,115.0,19.0,125.0,13.0,20119,22230,42349,0,0,0,20119,22230,42349,153.5629,-28.8344
353,ballina,Jan-15,2015,1,104.0,28.0,112.0,20.0,21764,23672,45436,0,0,0,21764,23672,45436,153.5629,-28.8344
354,ballina,Jan-16,2016,1,89.0,39.0,98.0,32.0,22620,24286,46906,0,0,0,22620,24286,46906,153.5629,-28.8344
355,ballina,Jan-17,2017,1,114.0,37.0,139.0,14.0,24867,27034,51901,0,0,0,24867,27034,51901,153.5629,-28.8344
356,ballina,Jan-18,2018,1,113.0,40.0,132.0,22.0,27192,29470,56662,0,0,0,27192,29470,56662,153.5629,-28.8344
357,ballina,Jan-19,2019,1,107.0,44.0,120.0,33.0,27119,29344,56463,0,0,0,27119,29344,56463,153.5629,-28.8344
358,ballina,Jan-20,2020,1,94.0,61.0,117.0,38.0,27390,30186,57576,0,0,0,27390,30186,57576,153.5629,-28.8344
359,ballina,Jan-21,2021,1,211.0,23.0,222.0,12.0,28046,31562,59608,0,0,0,28046,31562,59608,153.5629,-28.8344
360,ballina,Jan-22,2022,1,202.0,57.0,219.0,39.0,33426,39287,72713,0,0,0,33426,39287,72713,153.5629,-28.8344
361,ballina,Jan-23,2023,1,181.0,53.0,192.0,42.0,29525,31981,61506,0,0,0,29525,31981,61506,153.5629,-28.8344
362,ballina,Jul-05,2005,7,155.0,34.0,153.0,37.0,9962,10139,20101,0,0,0,9962,10139,20101,153.5629,-28.8344
363,ballina,Jul-06,2006,7,152.0,29.0,157.0,24.0,13906,13767,27673,0,0,0,13906,13767,27673,153.5629,-28.8344
364,ballina,Jul-07,2007,7,130.0,35.0,126.0,40.0,13579,13374,26953,0,0,0,13579,13374,26953,153.5629,-28.8344
365,ballina,Jul-08,2008,7,90.0,54.0,104.0,42.0,12765,12695,25460,0,0,0,12765,12695,25460,153.5629,-28.8344
366,ballina,Jul-09,2009,7,122.0,25.0,126.0,21.0,13878,14196,28074,0,0,0,13878,14196,28074,153.5629,-28.8344
367,ballina,Jul-10,2010,7,119.0,25.0,117.0,27.0,10340,10053,20393,0,0,0,10340,10053,20393,153.5629,-28.8344
368,ballina,Jul-11,2011,7,90.0,51.0,103.0,38.0,13150,13011,26161,0,0,0,13150,13011,26161,153.5629,-28.8344
369,ballina,Jul-12,2012,7,88.0,25.0,94.0,26.0,13998,14481,28479,0,0,0,13998,14481,28479,153.5629,-28.8344
370,ballina,Jul-13,2013,7,94.0,32.0,104.0,28.0,16020,16237,32257,0,0,0,16020,16237,32257,153.5629,-28.8344
371,ballina,Jul-14,2014,7,109.0,17.0,119.0,14.0,17839,18283,36122,0,0,0,17839,18283,36122,153.5629,-28.8344
372,ballina,Jul-15,2015,7,102.0,33.0,108.0,29.0,18513,19000,37513,0,0,0,18513,19000,37513,153.5629,-28.8344
373,ballina,Jul-16,2016,7,97.0,45.0,115.0,26.0,20878,21002,41880,0,0,0,20878,21002,41880,153.5629,-28.8344
374,ballina,Jul-17,2017,7,103.0,38.0,113.0,31.0,20665,20831,41496,0,0,0,20665,20831,41496,153.5629,-28.8344
375,ballina,Jul-18,2018,7,102.0,49.0,110.0,40.0,22997,23183,46180,0,0,0,22997,23183,46180,153.5629,-28.8344
376,ballina,Jul-19,2019,7,102.0,48.0,108.0,41.0,22932,23029,45961,0,0,0,22932,23029,45961,153.5629,-28.8344
377,ballina,Jul-20,2020,7,74.0,7.0,73.0,8.0,15858,15370,31228,0,0,0,15858,15370,31228,153.5629,-28.8344
378,ballina,Jul-21,2021,7,50.0,10.0,50.0,10.0,3537,5022,8559,0,0,0,3537,5022,8559,153.5629,-28.8344
379,ballina,Jul-22,2022,7,94.0,104.0,103.0,95.0,25628,25714,51342,0,0,0,25628,25714,51342,153.5629,-28.8344
380,ballina,Jul-23,2023,7,158.0,63.0,168.0,54.0,26226,26480,52706,0,0,0,26226,26480,52706,153.5629,-28.8344
381,ballina,Jun-05,2005,6,175.0,31.0,174.0,31.0,7117,7223,14340,0,0,0,7117,7223,14340,153.5629,-28.8344
382,ballina,Jun-06,2006,6,124.0,26.0,122.0,29.0,11449,11392,22841,0,0,0,11449,11392,22841,153.5629,-28.8344
383,ballina,Jun-07,2007,6,112.0,54.0,113.0,53.0,12008,11743,23751,0,0,0,12008,11743,23751,153.5629,-28.8344
384,ballina,Jun-08,2008,6,88.0,49.0,96.0,47.0,11691,11298,22989,0,0,0,11691,11298,22989,153.5629,-28.8344
385,ballina,Jun-09,2009,6,101.0,39.0,103.0,38.0,12333,11927,24260,0,0,0,12333,11927,24260,153.5629,-28.8344
386,ballina,Jun-10,2010,6,113.0,26.0,114.0,24.0,8547,8531,17078,0,0,0,8547,8531,17078,153.5629,-28.8344
387,ballina,Jun-11,2011,6,97.0,30.0,104.0,23.0,10144,10101,20245,0,0,0,10144,10101,20245,153.5629,-28.8344
388,ballina,Jun-12,2012,6,59.0,29.0,71.0,20.0,12002,11339,23341,0,0,0,12002,11339,23341,153.5629,-28.8344
389,ballina,Jun-13,2013,6,88.0,30.0,103.0,18.0,14258,14033,28291,0,0,0,14258,14033,28291,153.5629,-28.8344
390,ballina,Jun-14,2014,6,80.0,28.0,90.0,22.0,14762,14552,29314,0,0,0,14762,14552,29314,153.5629,-28.8344
391,ballina,Jun-15,2015,6,101.0,21.0,110.0,12.0,16250,16135,32385,0,0,0,16250,16135,32385,153.5629,-28.8344
392,ballina,Jun-16,2016,6,98.0,28.0,110.0,19.0,16601,15990,32591,0,0,0,16601,15990,32591,153.5629,-28.8344
393,ballina,Jun-17,2017,6,88.0,37.0,108.0,21.0,17159,16600,33759,0,0,0,17159,16600,33759,153.5629,-28.8344
394,ballina,Jun-18,2018,6,100.0,25.0,99.0,25.0,18215,17502,35717,0,0,0,18215,17502,35717,153.5629,-28.8344
395,ballina,Jun-19,2019,6,93.0,30.0,105.0,19.0,17894,17387,35281,0,0,0,17894,17387,35281,153.5629,-28.8344
396,ballina,Jun-20,2020,6,28.0,3.0,30.0,1.0,4322,3587,7909,0,0,0,4322,3587,7909,153.5629,-28.8344
397,ballina,Jun-21,2021,6,159.0,48.0,155.0,50.0,22841,20763,43604,0,0,0,22841,20763,43604,153.5629,-28.8344
398,ballina,Jun-22,2022,6,155.0,90.0,160.0,87.0,25244,24336,49580,0,0,0,25244,24336,49580,153.5629,-28.8344
399,ballina,Jun-23,2023,6,128.0,73.0,149.0,53.0,23442,22194,45636,0,0,0,23442,22194,45636,153.5629,-28.8344
400,ballina,Mar-05,2005,3,177.0,33.0,177.0,34.0,8669,8777,17446,0,0,0,8669,8777,17446,153.5629,-28.8344
401,ballina,Mar-06,2006,3,143.0,25.0,145.0,23.0,10609,10898,21507,0,0,0,10609,10898,21507,153.5629,-28.8344
402,ballina,Mar-07,2007,3,146.0,22.0,140.0,28.0,13075,13010,26085,0,0,0,13075,13010,26085,153.5629,-28.8344
403,ballina,Mar-08,2008,3,131.0,35.0,123.0,43.0,13888,13942,27830,0,0,0,13888,13942,27830,153.5629,-28.8344
404,ballina,Mar-09,2009,3,110.0,33.0,117.0,28.0,15057,15227,30284,0,0,0,15057,15227,30284,153.5629,-28.8344
405,ballina,Mar-10,2010,3,122.0,30.0,128.0,25.0,11282,11338,22620,0,0,0,11282,11338,22620,153.5629,-28.8344
406,ballina,Mar-11,2011,3,92.0,52.0,114.0,31.0,12864,13188,26052,0,0,0,12864,13188,26052,153.5629,-28.8344
407,ballina,Mar-12,2012,3,65.0,42.0,80.0,29.0,13097,13152,26249,0,0,0,13097,13152,26249,153.5629,-28.8344
408,ballina,Mar-13,2013,3,74.0,31.0,87.0,24.0,14423,13705,28128,0,0,0,14423,13705,28128,153.5629,-28.8344
409,ballina,Mar-14,2014,3,69.0,32.0,79.0,26.0,15663,16084,31747,0,0,0,15663,16084,31747,153.5629,-28.8344
410,ballina,Mar-15,2015,3,97.0,23.0,109.0,13.0,18102,17984,36086,0,0,0,18102,17984,36086,153.5629,-28.8344
411,ballina,Mar-16,2016,3,109.0,29.0,125.0,14.0,21013,20676,41689,0,0,0,21013,20676,41689,153.5629,-28.8344
412,ballina,Mar-17,2017,3,75.0,63.0,94.0,47.0,20445,20625,41070,0,0,0,20445,20625,41070,153.5629,-28.8344
413,ballina,Mar-18,2018,3,111.0,30.0,112.0,29.0,22795,21894,44689,0,0,0,22795,21894,44689,153.5629,-28.8344
414,ballina,Mar-19,2019,3,89.0,45.0,110.0,25.0,22612,22596,45208,0,0,0,22612,22596,45208,153.5629,-28.8344
415,ballina,Mar-20,2020,3,89.0,19.0,93.0,14.0,13835,14568,28403,0,0,0,13835,14568,28403,153.5629,-28.8344
416,ballina,Mar-21,2021,3,176.0,62.0,185.0,57.0,28068,28406,56474,0,0,0,28068,28406,56474,153.5629,-28.8344
417,ballina,Mar-22,2022,3,132.0,57.0,149.0,41.0,21359,22365,43724,0,0,0,21359,22365,43724,153.5629,-28.8344
418,ballina,Mar-23,2023,3,137.0,77.0,156.0,61.0,29482,29328,58810,0,0,0,29482,29328,58810,153.5629,-28.8344
419,ballina,May-05,2005,5,179.0,24.0,175.0,28.0,7291,7616,14907,0,0,0,7291,7616,14907,153.5629,-28.8344
420,ballina,May-06,2006,5,158.0,7.0,156.0,9.0,11025,11183,22208,0,0,0,11025,11183,22208,153.5629,-28.8344
421,ballina,May-07,2007,5,147.0,23.0,139.0,31.0,11833,11905,23738,0,0,0,11833,11905,23738,153.5629,-28.8344
422,ballina,May-08,2008,5,123.0,40.0,122.0,39.0,12418,12362,24780,0,0,0,12418,12362,24780,153.5629,-28.8344
423,ballina,May-09,2009,5,115.0,36.0,132.0,21.0,12974,13013,25987,0,0,0,12974,13013,25987,153.5629,-28.8344
424,ballina,May-10,2010,5,121.0,18.0,121.0,19.0,9295,9346,18641,0,0,0,9295,9346,18641,153.5629,-28.8344
425,ballina,May-11,2011,5,119.0,20.0,123.0,17.0,10696,11369,22065,0,0,0,10696,11369,22065,153.5629,-28.8344
426,ballina,May-12,2012,5,72.0,22.0,78.0,21.0,12359,12738,25097,0,0,0,12359,12738,25097,153.5629,-28.8344
427,ballina,May-13,2013,5,96.0,12.0,102.0,14.0,13735,13983,27718,0,0,0,13735,13983,27718,153.5629,-28.8344
428,ballina,May-14,2014,5,92.0,17.0,102.0,12.0,13210,13552,26762,0,0,0,13210,13552,26762,153.5629,-28.8344
429,ballina,May-15,2015,5,98.0,20.0,103.0,16.0,15937,16216,32153,0,0,0,15937,16216,32153,153.5629,-28.8344
430,ballina,May-16,2016,5,98.0,27.0,107.0,19.0,16647,17018,33665,0,0,0,16647,17018,33665,153.5629,-28.8344
431,ballina,May-17,2017,5,104.0,24.0,118.0,8.0,16786,17416,34202,0,0,0,16786,17416,34202,153.5629,-28.8344
432,ballina,May-18,2018,5,95.0,33.0,113.0,15.0,18588,18802,37390,0,0,0,18588,18802,37390,153.5629,-28.8344
433,ballina,May-19,2019,5,103.0,24.0,112.0,15.0,18031,18257,36288,0,0,0,18031,18257,36288,153.5629,-28.8344
434,ballina,May-20,2020,5,14.0,2.0,14.0,2.0,1257,1272,2529,0,0,0,1257,1272,2529,153.5629,-28.8344
435,ballina,May-21,2021,5,206.0,31.0,208.0,29.0,25018,26076,51094,0,0,0,25018,26076,51094,153.5629,-28.8344
436,ballina,May-22,2022,5,169.0,113.0,156.0,129.0,26383,27292,53675,0,0,0,26383,27292,53675,153.5629,-28.8344
437,ballina,May-23,2023,5,123.0,65.0,144.0,43.0,23516,24455,47971,0,0,0,23516,24455,47971,153.5629,-28.8344
438,ballina,Nov-04,2004,11,90.0,23.0,91.0,23.0,8224,8251,16475,0,0,0,8224,8251,16475,153.5629,-28.8344
439,ballina,Nov-05,2005,11,147.0,15.0,144.0,19.0,10508,10425,20933,0,0,0,10508,10425,20933,153.5629,-28.8344
440,ballina,Nov-06,2006,11,141.0,22.0,129.0,33.0,13249,13451,26700,0,0,0,13249,13451,26700,153.5629,-28.8344
441,ballina,Nov-07,2007,11,114.0,48.0,113.0,50.0,13628,14010,27638,0,0,0,13628,14010,27638,153.5629,-28.8344
442,ballina,Nov-08,2008,11,81.0,56.0,92.0,44.0,14687,14880,29567,0,0,0,14687,14880,29567,153.5629,-28.8344
443,ballina,Nov-09,2009,11,102.0,55.0,112.0,46.0,12736,12491,25227,0,0,0,12736,12491,25227,153.5629,-28.8344
444,ballina,Nov-10,2010,11,104.0,45.0,113.0,36.0,11610,11485,23095,0,0,0,11610,11485,23095,153.5629,-28.8344
445,ballina,Nov-11,2011,11,61.0,47.0,74.0,37.0,13089,13060,26149,0,0,0,13089,13060,26149,153.5629,-28.8344
446,ballina,Nov-12,2012,11,63.0,35.0,82.0,21.0,15070,15099,30169,0,0,0,15070,15099,30169,153.5629,-28.8344
447,ballina,Nov-13,2013,11,65.0,42.0,84.0,28.0,16444,16818,33262,0,0,0,16444,16818,33262,153.5629,-28.8344
448,ballina,Nov-14,2014,11,93.0,22.0,102.0,12.0,18158,18119,36277,0,0,0,18158,18119,36277,153.5629,-28.8344
449,ballina,Nov-15,2015,11,85.0,29.0,91.0,23.0,18420,18281,36701,0,0,0,18420,18281,36701,153.5629,-28.8344
450,ballina,Nov-16,2016,11,87.0,34.0,92.0,28.0,20317,20018,40335,0,0,0,20317,20018,40335,153.5629,-28.8344
451,ballina,Nov-17,2017,11,79.0,45.0,94.0,26.0,21524,21530,43054,0,0,0,21524,21530,43054,153.5629,-28.8344
452,ballina,Nov-18,2018,11,88.0,33.0,100.0,22.0,21694,21290,42984,0,0,0,21694,21290,42984,153.5629,-28.8344
453,ballina,Nov-19,2019,11,87.0,41.0,97.0,30.0,22416,22485,44901,0,0,0,22416,22485,44901,153.5629,-28.8344
454,ballina,Nov-20,2020,11,164.0,52.0,184.0,32.0,29389,26973,56362,0,0,0,29389,26973,56362,153.5629,-28.8344
455,ballina,Nov-21,2021,11,208.0,84.0,244.0,51.0,40727,36702,77429,0,0,0,40727,36702,77429,153.5629,-28.8344
456,ballina,Nov-22,2022,11,135.0,73.0,141.0,67.0,29717,28972,58689,0,0,0,29717,28972,58689,153.5629,-28.8344
457,ballina,Nov-23,2023,11,108.0,63.0,113.0,59.0,26925,26298,53223,0,0,0,26925,26298,53223,153.5629,-28.8344
458,ballina,Oct-04,2004,10,90.0,24.0,90.0,24.0,8529,8659,17188,0,0,0,8529,8659,17188,153.5629,-28.8344
459,ballina,Oct-05,2005,10,137.0,28.0,138.0,28.0,10677,10967,21644,0,0,0,10677,10967,21644,153.5629,-28.8344
460,ballina,Oct-06,2006,10,153.0,24.0,158.0,22.0,14969,15337,30306,0,0,0,14969,15337,30306,153.5629,-28.8344
461,ballina,Oct-07,2007,10,113.0,49.0,110.0,52.0,13677,14178,27855,0,0,0,13677,14178,27855,153.5629,-28.8344
462,ballina,Oct-08,2008,10,98.0,57.0,109.0,47.0,14301,14195,28496,0,0,0,14301,14195,28496,153.5629,-28.8344
463,ballina,Oct-09,2009,10,119.0,47.0,124.0,40.0,12826,12747,25573,0,0,0,12826,12747,25573,153.5629,-28.8344
464,ballina,Oct-10,2010,10,123.0,43.0,130.0,39.0,12623,13407,26030,0,0,0,12623,13407,26030,153.5629,-28.8344
465,ballina,Oct-11,2011,10,94.0,46.0,113.0,30.0,13536,14114,27650,0,0,0,13536,14114,27650,153.5629,-28.8344
466,ballina,Oct-12,2012,10,85.0,28.0,104.0,15.0,15682,16492,32174,0,0,0,15682,16492,32174,153.5629,-28.8344
467,ballina,Oct-13,2013,10,80.0,47.0,94.0,35.0,17876,19052,36928,0,0,0,17876,19052,36928,153.5629,-28.8344
468,ballina,Oct-14,2014,10,92.0,36.0,106.0,27.0,19283,19973,39256,0,0,0,19283,19973,39256,153.5629,-28.8344
469,ballina,Oct-15,2015,10,108.0,23.0,113.0,19.0,21492,22587,44079,0,0,0,21492,22587,44079,153.5629,-28.8344
470,ballina,Oct-16,2016,10,109.0,32.0,122.0,20.0,23453,23982,47435,0,0,0,23453,23982,47435,153.5629,-28.8344
471,ballina,Oct-17,2017,10,112.0,39.0,129.0,23.0,24283,25312,49595,0,0,0,24283,25312,49595,153.5629,-28.8344
472,ballina,Oct-18,2018,10,95.0,56.0,105.0,47.0,25099,25794,50893,0,0,0,25099,25794,50893,153.5629,-28.8344
473,ballina,Oct-19,2019,10,94.0,50.0,108.0,38.0,23850,24551,48401,0,0,0,23850,24551,48401,153.5629,-28.8344
474,ballina,Oct-20,2020,10,183.0,34.0,205.0,12.0,25422,25769,51191,0,0,0,25422,25769,51191,153.5629,-28.8344
475,ballina,Oct-21,2021,10,42.0,8.0,46.0,5.0,3896,4070,7966,0,0,0,3896,4070,7966,153.5629,-28.8344
476,ballina,Oct-22,2022,10,107.0,86.0,115.0,77.0,27176,27849,55025,0,0,0,27176,27849,55025,153.5629,-28.8344
477,ballina,Oct-23,2023,10,126.0,65.0,135.0,56.0,27510,28163,55673,0,0,0,27510,28163,55673,153.5629,-28.8344
478,ballina,Sep-04,2004,9,89.0,23.0,83.0,29.0,7937,7844,15781,0,0,0,7937,7844,15781,153.5629,-28.8344
479,ballina,Sep-05,2005,9,146.0,17.0,139.0,25.0,10747,10368,21115,0,0,0,10747,10368,21115,153.5629,-28.8344
480,ballina,Sep-06,2006,9,159.0,14.0,158.0,15.0,14776,14192,28968,0,0,0,14776,14192,28968,153.5629,-28.8344
481,ballina,Sep-07,2007,9,123.0,34.0,124.0,34.0,13244,12961,26205,0,0,0,13244,12961,26205,153.5629,-28.8344
482,ballina,Sep-08,2008,9,85.0,57.0,110.0,33.0,12984,12552,25536,0,0,0,12984,12552,25536,153.5629,-28.8344
483,ballina,Sep-09,2009,9,105.0,33.0,114.0,25.0,11389,10984,22373,0,0,0,11389,10984,22373,153.5629,-28.8344
484,ballina,Sep-10,2010,9,128.0,35.0,133.0,31.0,11961,11206,23167,0,0,0,11961,11206,23167,153.5629,-28.8344
485,ballina,Sep-11,2011,9,112.0,35.0,134.0,14.0,14019,13116,27135,0,0,0,14019,13116,27135,153.5629,-28.8344
486,ballina,Sep-12,2012,9,86.0,20.0,91.0,20.0,15200,14538,29738,0,0,0,15200,14538,29738,153.5629,-28.8344
487,ballina,Sep-13,2013,9,98.0,33.0,114.0,22.0,17534,16433,33967,0,0,0,17534,16433,33967,153.5629,-28.8344
488,ballina,Sep-14,2014,9,110.0,21.0,119.0,17.0,19834,19049,38883,0,0,0,19834,19049,38883,153.5629,-28.8344
489,ballina,Sep-15,2015,9,107.0,30.0,122.0,20.0,21295,20346,41641,0,0,0,21295,20346,41641,153.5629,-28.8344
490,ballina,Sep-16,2016,9,114.0,29.0,128.0,14.0,22038,20627,42665,0,0,0,22038,20627,42665,153.5629,-28.8344
491,ballina,Sep-17,2017,9,102.0,41.0,114.0,30.0,22647,21343,43990,0,0,0,22647,21343,43990,153.5629,-28.8344
492,ballina,Sep-18,2018,9,85.0,55.0,107.0,33.0,21971,20995,42966,0,0,0,21971,20995,42966,153.5629,-28.8344
493,ballina,Sep-19,2019,9,97.0,40.0,109.0,32.0,22424,21109,43533,0,0,0,22424,21109,43533,153.5629,-28.8344
494,ballina,Sep-20,2020,9,134.0,21.0,144.0,12.0,18682,17462,36144,0,0,0,18682,17462,36144,153.5629,-28.8344
495,ballina,Sep-21,2021,9,27.0,6.0,29.0,4.0,1540,1321,2861,0,0,0,1540,1321,2861,153.5629,-28.8344
496,ballina,Sep-22,2022,9,87.0,88.0,87.0,89.0,25795,24241,50036,0,0,0,25795,24241,50036,153.5629,-28.8344
497,ballina,Sep-23,2023,9,143.0,54.0,143.0,54.0,28237,26806,55043,0,0,0,28237,26806,55043,153.5629,-28.8344
498,brisbane,Apr-04,2004,4,2946.0,324.0,2951.0,265.0,447526,449841,897367,126407,127522,253929,573933,577363,1151296,153.0251,-27.4698
499,brisbane,Apr-05,2005,4,3251.0,476.0,3272.0,427.0,496980,489936,986916,140291,136337,276628,637271,626273,1263544,153.0251,-27.4698
500,brisbane,Apr-06,2006,4,3444.0,452.0,3496.0,409.0,522638,519592,1042230,148833,152560,301393,671471,672152,1343623,153.0251,-27.4698
501,brisbane,Apr-07,2007,4,3625.0,409.0,3616.0,367.0,563962,572267,1136229,157899,160567,318466,721861,732834,1454695,153.0251,-27.4698
502,brisbane,Apr-08,2008,4,3390.0,715.0,3244.0,832.0,583018,585281,1168299,152773,153127,305900,735791,738408,1474199,153.0251,-27.4698
503,brisbane,Apr-09,2009,4,3657.0,724.0,3697.0,648.0,608593,604520,1213113,161297,173044,334341,769890,777564,1547454,153.0251,-27.4698
504,brisbane,Apr-10,2010,4,4001.0,573.0,4023.0,522.0,621672,626921,1248593,161473,166938,328411,783145,793859,1577004,153.0251,-27.4698
505,brisbane,Apr-11,2011,4,3543.0,1058.0,3310.0,1267.0,659295,659943,1319238,170423,184505,354928,829718,844448,1674166,153.0251,-27.4698
506,brisbane,Apr-12,2012,4,4298.0,971.0,4087.0,1176.0,672498,672012,1344510,180955,181959,362914,853453,853971,1707424,153.0251,-27.4698
507,brisbane,Apr-13,2013,4,4565.0,1055.0,4155.0,1428.0,682036,674360,1356396,183072,174775,357847,865108,849135,1714243,153.0251,-27.4698
508,brisbane,Apr-14,2014,4,5181.0,966.0,4839.0,1267.0,717116,713104,1430220,203052,203842,406894,920168,916946,1837114,153.0251,-27.4698
509,brisbane,Apr-15,2015,4,5330.0,809.0,5011.0,1115.0,691971,694729,1386700,205882,212965,418847,897853,907694,1805547,153.0251,-27.4698
510,brisbane,Apr-16,2016,4,5530.0,443.0,5467.0,480.0,698082,690470,1388552,212414,207393,419807,910496,897863,1808359,153.0251,-27.4698
511,brisbane,Apr-17,2017,4,5046.0,632.0,5055.0,612.0,700334,701979,1402313,236642,240158,476800,936976,942137,1879113,153.0251,-27.4698
512,brisbane,Apr-18,2018,4,4672.0,863.0,4671.0,860.0,702211,701528,1403739,243330,247399,490729,945541,948927,1894468,153.0251,-27.4698
513,brisbane,Apr-19,2019,4,4777.0,953.0,4720.0,1000.0,729676,729399,1459075,253286,268696,521982,982962,998095,1981057,153.0251,-27.4698
514,brisbane,Apr-20,2020,4,485.0,40.0,501.0,30.0,26799,28101,54900,2379,6582,8961,29178,34683,63861,153.0251,-27.4698
515,brisbane,Apr-21,2021,4,3286.0,458.0,3230.0,520.0,429654,437156,866810,9980,11642,21622,439634,448798,888432,153.0251,-27.4698
516,brisbane,Apr-22,2022,4,3097.0,1777.0,3012.0,1880.0,656158,657024,1313182,75699,78551,154250,731857,735575,1467432,153.0251,-27.4698
517,brisbane,Apr-23,2023,4,3743.0,1627.0,3660.0,1702.0,666202,655732,1321934,177699,184288,361987,843901,840020,1683921,153.0251,-27.4698
518,brisbane,Aug-04,2004,8,3544.0,312.0,3497.0,323.0,518861,518738,1037599,139969,152497,292466,658830,671235,1330065,153.0251,-27.4698
519,brisbane,Aug-05,2005,8,3597.0,340.0,3528.0,387.0,522706,521713,1044419,153890,169943,323833,676596,691656,1368252,153.0251,-27.4698
520,brisbane,Aug-06,2006,8,3744.0,333.0,3706.0,343.0,556298,556104,1112402,156937,174756,331693,713235,730860,1444095,153.0251,-27.4698
521,brisbane,Aug-07,2007,8,3408.0,844.0,3389.0,814.0,610132,609503,1219635,163817,175834,339651,773949,785337,1559286,153.0251,-27.4698
522,brisbane,Aug-08,2008,8,3577.0,931.0,3540.0,942.0,616499,615182,1231681,170672,184812,355484,787171,799994,1587165,153.0251,-27.4698
523,brisbane,Aug-09,2009,8,3962.0,442.0,4011.0,383.0,612792,611221,1224013,169620,183377,352997,782412,794598,1577010,153.0251,-27.4698
524,brisbane,Aug-10,2010,8,3809.0,821.0,3809.0,787.0,661735,667083,1328818,179247,194188,373435,840982,861271,1702253,153.0251,-27.4698
525,brisbane,Aug-11,2011,8,4036.0,704.0,3970.0,756.0,695252,696200,1391452,186412,198789,385201,881664,894989,1776653,153.0251,-27.4698
526,brisbane,Aug-12,2012,8,4922.0,824.0,4682.0,1053.0,720138,712978,1433116,183399,190788,374187,903537,903766,1807303,153.0251,-27.4698
527,brisbane,Aug-13,2013,8,5270.0,930.0,4850.0,1322.0,729675,720843,1450518,202091,209981,412072,931766,930824,1862590,153.0251,-27.4698
528,brisbane,Aug-14,2014,8,5278.0,1001.0,4878.0,1346.0,724926,719873,1444799,213173,223083,436256,938099,942956,1881055,153.0251,-27.4698
529,brisbane,Aug-15,2015,8,5846.0,452.0,5744.0,551.0,701345,703706,1405051,217948,232266,450214,919293,935972,1855265,153.0251,-27.4698
530,brisbane,Aug-16,2016,8,5668.0,575.0,5595.0,640.0,717033,719211,1436244,221238,238799,460037,938271,958010,1896281,153.0251,-27.4698
531,brisbane,Aug-17,2017,8,5321.0,714.0,5278.0,749.0,732144,735371,1467515,233723,250234,483957,965867,985605,1951472,153.0251,-27.4698
532,brisbane,Aug-18,2018,8,4886.0,821.0,4844.0,852.0,756649,754898,1511547,256833,277712,534545,1013482,1032610,2046092,153.0251,-27.4698
533,brisbane,Aug-19,2019,8,4803.0,1031.0,4792.0,1046.0,767014,761185,1528199,272091,295442,567533,1039105,1056627,2095732,153.0251,-27.4698
534,brisbane,Aug-20,2020,8,1365.0,146.0,1333.0,171.0,140987,146225,287212,2853,8057,10910,143840,154282,298122,153.0251,-27.4698
535,brisbane,Aug-21,2021,8,1316.0,121.0,1321.0,125.0,121497,122053,243550,5549,4909,10458,127046,126962,254008,153.0251,-27.4698
536,brisbane,Aug-22,2022,8,3357.0,1432.0,3258.0,1524.0,644200,639823,1284023,139711,135646,275357,783911,775469,1559380,153.0251,-27.4698
537,brisbane,Aug-23,2023,8,4042.0,1556.0,4056.0,1543.0,708809,706897,1415706,207038,215279,422317,915847,922176,1838023,153.0251,-27.4698
538,brisbane,Dec-04,2004,12,3374.0,478.0,3328.0,494.0,494880,487296,982176,156210,165410,321620,651090,652706,1303796,153.0251,-27.4698
539,brisbane,Dec-05,2005,12,3361.0,555.0,3378.0,512.0,525357,514994,1040351,160149,167723,327872,685506,682717,1368223,153.0251,-27.4698
540,brisbane,Dec-06,2006,12,3659.0,482.0,3571.0,531.0,579869,571135,1151004,165788,178972,344760,745657,750107,1495764,153.0251,-27.4698
541,brisbane,Dec-07,2007,12,3547.0,916.0,3461.0,952.0,622177,609311,1231488,170259,191223,361482,792436,800534,1592970,153.0251,-27.4698
542,brisbane,Dec-08,2008,12,3736.0,872.0,3807.0,773.0,648104,631771,1279875,171105,197927,369032,819209,829698,1648907,153.0251,-27.4698
543,brisbane,Dec-09,2009,12,3836.0,588.0,3890.0,508.0,633923,624473,1258396,175947,202871,378818,809870,827344,1637214,153.0251,-27.4698
544,brisbane,Dec-10,2010,12,3365.0,1364.0,3213.0,1472.0,696432,683949,1380381,183545,213138,396683,879977,897087,1777064,153.0251,-27.4698
545,brisbane,Dec-11,2011,12,3878.0,940.0,3716.0,1076.0,713241,694743,1407984,196012,225920,421932,909253,920663,1829916,153.0251,-27.4698
546,brisbane,Dec-12,2012,12,4434.0,1192.0,3886.0,1743.0,717679,699584,1417263,200049,216945,416994,917728,916529,1834257,153.0251,-27.4698
547,brisbane,Dec-13,2013,12,4970.0,1123.0,4770.0,1284.0,750551,729882,1480433,209001,233727,442728,959552,963609,1923161,153.0251,-27.4698
548,brisbane,Dec-14,2014,12,5156.0,1068.0,4893.0,1329.0,739816,721575,1461391,221355,251966,473321,961171,973541,1934712,153.0251,-27.4698
549,brisbane,Dec-15,2015,12,5434.0,843.0,5366.0,883.0,754152,733470,1487622,232652,268343,500995,986804,1001813,1988617,153.0251,-27.4698
550,brisbane,Dec-16,2016,12,4993.0,1084.0,4952.0,1127.0,760279,732945,1493224,242936,273622,516558,1003215,1006567,2009782,153.0251,-27.4698
551,brisbane,Dec-17,2017,12,4507.0,1145.0,4442.0,1203.0,763468,738050,1501518,257004,294531,551535,1020472,1032581,2053053,153.0251,-27.4698
552,brisbane,Dec-18,2018,12,4441.0,1211.0,4367.0,1284.0,744079,720310,1464389,265519,308614,574133,1009598,1028924,2038522,153.0251,-27.4698
553,brisbane,Dec-19,2019,12,4309.0,1413.0,4312.0,1398.0,773116,744192,1517308,284412,327751,612163,1057528,1071943,2129471,153.0251,-27.4698
554,brisbane,Dec-20,2020,12,2742.0,634.0,2700.0,662.0,414477,387548,802025,5302,5539,10841,419779,393087,812866,153.0251,-27.4698
555,brisbane,Dec-21,2021,12,3072.0,645.0,3034.0,670.0,395624,366513,762137,4454,14148,18602,400078,380661,780739,153.0251,-27.4698
556,brisbane,Dec-22,2022,12,3704.0,1477.0,3744.0,1439.0,655328,644468,1299796,168050,192056,360106,823378,836524,1659902,153.0251,-27.4698
557,brisbane,Feb-04,2004,2,2866.0,221.0,2813.0,223.0,399493,400379,799872,123067,108439,231506,522560,508818,1031378,153.0251,-27.4698
558,brisbane,Feb-05,2005,2,3121.0,322.0,3034.0,374.0,427048,424654,851702,137119,122375,259494,564167,547029,1111196,153.0251,-27.4698
559,brisbane,Feb-06,2006,2,3260.0,243.0,3248.0,255.0,440691,440713,881404,138900,126649,265549,579591,567362,1146953,153.0251,-27.4698
560,brisbane,Feb-07,2007,2,3361.0,361.0,3286.0,396.0,480880,477533,958413,149653,137565,287218,630533,615098,1245631,153.0251,-27.4698
561,brisbane,Feb-08,2008,2,3095.0,779.0,2982.0,863.0,530722,532512,1063234,160434,143781,304215,691156,676293,1367449,153.0251,-27.4698
562,brisbane,Feb-09,2009,2,3415.0,597.0,3398.0,580.0,520093,519172,1039265,156061,144635,300696,676154,663807,1339961,153.0251,-27.4698
563,brisbane,Feb-10,2010,2,3379.0,545.0,3337.0,561.0,545876,545378,1091254,160009,147233,307242,705885,692611,1398496,153.0251,-27.4698
564,brisbane,Feb-11,2011,2,3107.0,1028.0,3032.0,1083.0,550493,554263,1104756,160230,146869,307099,710723,701132,1411855,153.0251,-27.4698
565,brisbane,Feb-12,2012,2,3977.0,794.0,3752.0,1021.0,598252,600302,1198554,171310,151617,322927,769562,751919,1521481,153.0251,-27.4698
566,brisbane,Feb-13,2013,2,3812.0,1311.0,3116.0,1974.0,600209,600660,1200869,176148,156465,332613,776357,757125,1533482,153.0251,-27.4698
567,brisbane,Feb-14,2014,2,4926.0,506.0,4664.0,734.0,611754,613347,1225101,184183,168744,352927,795937,782091,1578028,153.0251,-27.4698
568,brisbane,Feb-15,2015,2,4975.0,527.0,4669.0,817.0,594295,594204,1188499,204702,186053,390755,798997,780257,1579254,153.0251,-27.4698
569,brisbane,Feb-16,2016,2,5382.0,409.0,5288.0,481.0,627222,628947,1256169,212385,196486,408871,839607,825433,1665040,153.0251,-27.4698
570,brisbane,Feb-17,2017,2,4741.0,606.0,4650.0,689.0,603110,607321,1210431,217270,195290,412560,820380,802611,1622991,153.0251,-27.4698
571,brisbane,Feb-18,2018,2,4338.0,718.0,4200.0,852.0,627502,632036,1259538,231627,211703,443330,859129,843739,1702868,153.0251,-27.4698
572,brisbane,Feb-19,2019,2,4439.0,694.0,4332.0,789.0,616250,622404,1238654,242960,216993,459953,859210,839397,1698607,153.0251,-27.4698
573,brisbane,Feb-20,2020,2,4042.0,1121.0,3881.0,1276.0,606981,612685,1219666,223875,197282,421157,830856,809967,1640823,153.0251,-27.4698
574,brisbane,Feb-21,2021,2,2460.0,253.0,2453.0,247.0,298130,300469,598599,4586,4144,8730,302716,304613,607329,153.0251,-27.4698
575,brisbane,Feb-22,2022,2,2337.0,673.0,2405.0,600.0,353768,356813,710581,29642,16900,46542,383410,373713,757123,153.0251,-27.4698
576,brisbane,Feb-23,2023,2,3711.0,1104.0,3650.0,1158.0,572715,567534,1140249,165788,148389,314177,738503,715923,1454426,153.0251,-27.4698
577,brisbane,Jan-04,2004,1,2813.0,531.0,2857.0,452.0,451144,464032,915176,145938,133521,279459,597082,597553,1194635,153.0251,-27.4698
578,brisbane,Jan-05,2005,1,3409.0,386.0,3419.0,347.0,476811,485077,961888,172833,148247,321080,649644,633324,1282968,153.0251,-27.4698
579,brisbane,Jan-06,2006,1,3398.0,438.0,3416.0,378.0,504222,512289,1016511,179252,152623,331875,683474,664912,1348386,153.0251,-27.4698
580,brisbane,Jan-07,2007,1,3703.0,376.0,3668.0,372.0,556851,563418,1120269,186651,161832,348483,743502,725250,1468752,153.0251,-27.4698
581,brisbane,Jan-08,2008,1,3492.0,920.0,3376.0,995.0,592205,603755,1195960,195038,164046,359084,787243,767801,1555044,153.0251,-27.4698
582,brisbane,Jan-09,2009,1,3831.0,701.0,3920.0,583.0,626445,632882,1259327,205011,172799,377810,831456,805681,1637137,153.0251,-27.4698
583,brisbane,Jan-10,2010,1,3841.0,442.0,3884.0,374.0,584635,595191,1179826,203308,173057,376365,787943,768248,1556191,153.0251,-27.4698
584,brisbane,Jan-11,2011,1,3428.0,840.0,3321.0,929.0,583192,600245,1183437,216100,179977,396077,799292,780222,1579514,153.0251,-27.4698
585,brisbane,Jan-12,2012,1,3989.0,928.0,3833.0,1079.0,652897,672445,1325342,230713,186380,417093,883610,858825,1742435,153.0251,-27.4698
586,brisbane,Jan-13,2013,1,4215.0,1372.0,3890.0,1664.0,654088,674779,1328867,222033,181468,403501,876121,856247,1732368,153.0251,-27.4698
587,brisbane,Jan-14,2014,1,5357.0,754.0,5076.0,991.0,683604,688577,1372181,243665,197869,441534,927269,886446,1813715,153.0251,-27.4698
588,brisbane,Jan-15,2015,1,5489.0,670.0,5278.0,862.0,649819,670411,1320230,259107,217528,476635,908926,887939,1796865,153.0251,-27.4698
589,brisbane,Jan-16,2016,1,5390.0,690.0,5287.0,765.0,668003,684524,1352527,272608,233848,506456,940611,918372,1858983,153.0251,-27.4698
590,brisbane,Jan-17,2017,1,5257.0,678.0,5255.0,666.0,679191,700014,1379205,280306,243488,523794,959497,943502,1902999,153.0251,-27.4698
591,brisbane,Jan-18,2018,1,4904.0,633.0,4843.0,684.0,681869,696460,1378329,296079,248966,545045,977948,945426,1923374,153.0251,-27.4698
592,brisbane,Jan-19,2019,1,4953.0,647.0,4936.0,646.0,680091,694414,1374505,317314,268620,585934,997405,963034,1960439,153.0251,-27.4698
593,brisbane,Jan-20,2020,1,4285.0,1300.0,4327.0,1243.0,707885,734476,1442361,333471,283668,617139,1041356,1018144,2059500,153.0251,-27.4698
594,brisbane,Jan-21,2021,1,2559.0,325.0,2546.0,322.0,267902,283907,551809,4659,5284,9943,272561,289191,561752,153.0251,-27.4698
595,brisbane,Jan-22,2022,1,2939.0,508.0,3002.0,437.0,344849,354577,699426,13581,11602,25183,358430,366179,724609,153.0251,-27.4698
596,brisbane,Jan-23,2023,1,3998.0,1260.0,3965.0,1282.0,615812,622489,1238301,202387,175332,377719,818199,797821,1616020,153.0251,-27.4698
597,brisbane,Jul-04,2004,7,3344.0,441.0,3326.0,422.0,525960,520230,1046190,167410,137173,304583,693370,657403,1350773,153.0251,-27.4698
598,brisbane,Jul-05,2005,7,3332.0,579.0,3296.0,587.0,539245,536424,1075669,189482,151473,340955,728727,687897,1416624,153.0251,-27.4698
599,brisbane,Jul-06,2006,7,3471.0,624.0,3446.0,621.0,585739,577747,1163486,195260,160619,355879,780999,738366,1519365,153.0251,-27.4698
600,brisbane,Jul-07,2007,7,3429.0,799.0,3388.0,788.0,628929,618481,1247410,184506,165111,349617,813435,783592,1597027,153.0251,-27.4698
601,brisbane,Jul-08,2008,7,3048.0,1347.0,2903.0,1468.0,644222,634201,1278423,202987,171158,374145,847209,805359,1652568,153.0251,-27.4698
602,brisbane,Jul-09,2009,7,3920.0,595.0,3997.0,496.0,645966,634920,1280886,199264,172957,372221,845230,807877,1653107,153.0251,-27.4698
603,brisbane,Jul-10,2010,7,3805.0,961.0,3747.0,996.0,695302,675766,1371068,220390,188120,408510,915692,863886,1779578,153.0251,-27.4698
604,brisbane,Jul-11,2011,7,3796.0,937.0,3760.0,941.0,728844,703758,1432602,230003,191645,421648,958847,895403,1854250,153.0251,-27.4698
605,brisbane,Jul-12,2012,7,4424.0,1188.0,3972.0,1613.0,733530,726697,1460227,220763,184288,405051,954293,910985,1865278,153.0251,-27.4698
606,brisbane,Jul-13,2013,7,4743.0,1579.0,3946.0,2344.0,762731,745224,1507955,234492,190947,425439,997223,936171,1933394,153.0251,-27.4698
607,brisbane,Jul-14,2014,7,5452.0,952.0,5256.0,1112.0,767925,756240,1524165,247977,207772,455749,1015902,964012,1979914,153.0251,-27.4698
608,brisbane,Jul-15,2015,7,5706.0,782.0,5400.0,1061.0,772477,755862,1528339,246477,216603,463080,1018954,972465,1991419,153.0251,-27.4698
609,brisbane,Jul-16,2016,7,5205.0,1039.0,4959.0,1278.0,774563,759615,1534178,265175,226192,491367,1039738,985807,2025545,153.0251,-27.4698
610,brisbane,Jul-17,2017,7,4967.0,1075.0,4991.0,1047.0,785638,777468,1563106,272272,237677,509949,1057910,1015145,2073055,153.0251,-27.4698
611,brisbane,Jul-18,2018,7,4631.0,1240.0,4597.0,1284.0,803426,793303,1596729,297336,255284,552620,1100762,1048587,2149349,153.0251,-27.4698
612,brisbane,Jul-19,2019,7,4763.0,1341.0,4727.0,1365.0,807079,791137,1598216,313718,267968,581686,1120797,1059105,2179902,153.0251,-27.4698
613,brisbane,Jul-20,2020,7,1242.0,159.0,1192.0,200.0,180038,171365,351403,3985,7081,11066,184023,178446,362469,153.0251,-27.4698
614,brisbane,Jul-21,2021,7,2457.0,223.0,2412.0,276.0,249494,245299,494793,19956,21025,40981,269450,266324,535774,153.0251,-27.4698
615,brisbane,Jul-22,2022,7,2622.0,2222.0,2468.0,2378.0,698031,688182,1386213,141980,131641,273621,840011,819823,1659834,153.0251,-27.4698
616,brisbane,Jul-23,2023,7,3690.0,1819.0,3651.0,1863.0,730163,708229,1438392,225371,206945,432316,955534,915174,1870708,153.0251,-27.4698
617,brisbane,Jun-04,2004,6,3079.0,288.0,3069.0,270.0,487534,486038,973572,125154,130083,255237,612688,616121,1228809,153.0251,-27.4698
618,brisbane,Jun-05,2005,6,3032.0,730.0,3020.0,739.0,491185,488242,979427,144975,152816,297791,636160,641058,1277218,153.0251,-27.4698
619,brisbane,Jun-06,2006,6,3315.0,584.0,3248.0,616.0,518436,518314,1036750,147740,155368,303108,666176,673682,1339858,153.0251,-27.4698
620,brisbane,Jun-07,2007,6,3142.0,847.0,2950.0,1026.0,556745,559675,1116420,152525,159817,312342,709270,719492,1428762,153.0251,-27.4698
621,brisbane,Jun-08,2008,6,3136.0,1026.0,2951.0,1185.0,563675,568988,1132663,158862,168991,327853,722537,737979,1460516,153.0251,-27.4698
622,brisbane,Jun-09,2009,6,3506.0,764.0,3550.0,695.0,569266,568461,1137727,151730,172408,324138,720996,740869,1461865,153.0251,-27.4698
623,brisbane,Jun-10,2010,6,3666.0,834.0,3752.0,721.0,609580,612834,1222414,163393,187027,350420,772973,799861,1572834,153.0251,-27.4698
624,brisbane,Jun-11,2011,6,3635.26,742.74,3512.6874073999998,821.3125926,625865,632359,1258224,166624,189150,355774,792489,821509,1613998,153.0251,-27.4698
625,brisbane,Jun-12,2012,6,4167.0,864.0,3857.0,1177.0,658058,664158,1322216,178946,191999,370945,837004,856157,1693161,153.0251,-27.4698
626,brisbane,Jun-13,2013,6,4263.0,1200.0,3745.0,1682.0,667894,684459,1352353,186576,201564,388140,854470,886023,1740493,153.0251,-27.4698
627,brisbane,Jun-14,2014,6,5053.0,981.0,4671.0,1309.0,677315,684118,1361433,185947,207236,393183,863262,891354,1754616,153.0251,-27.4698
628,brisbane,Jun-15,2015,6,5444.0,662.0,5200.0,890.0,665708,666152,1331860,194338,219792,414130,860046,885944,1745990,153.0251,-27.4698
629,brisbane,Jun-16,2016,6,5095.0,741.0,4979.0,834.0,686183,685336,1371519,201824,228594,430418,888007,913930,1801937,153.0251,-27.4698
630,brisbane,Jun-17,2017,6,4994.0,676.0,4994.0,667.0,692620,694779,1387399,216431,240442,456873,909051,935221,1844272,153.0251,-27.4698
631,brisbane,Jun-18,2018,6,4254.0,1067.0,4218.0,1104.0,684834,679775,1364609,230782,257206,487988,915616,936981,1852597,153.0251,-27.4698
632,brisbane,Jun-19,2019,6,4563.0,972.0,4459.0,1070.0,688110,690716,1378826,242225,271760,513985,930335,962476,1892811,153.0251,-27.4698
633,brisbane,Jun-20,2020,6,497.0,96.0,534.0,57.0,71393,76000,147393,4496,5537,10033,75889,81537,157426,153.0251,-27.4698
634,brisbane,Jun-21,2021,6,3287.0,539.0,3232.0,594.0,430307,432858,863165,28021,24882,52903,458328,457740,916068,153.0251,-27.4698
635,brisbane,Jun-22,2022,6,3099.0,1801.0,3057.0,1833.0,654731,657804,1312535,96894,110899,207793,751625,768703,1520328,153.0251,-27.4698
636,brisbane,Jun-23,2023,6,3873.0,1506.0,3775.0,1605.0,673019,668794,1341813,190044,207687,397731,863063,876481,1739544,153.0251,-27.4698
637,brisbane,Mar-04,2004,3,3002.0,284.0,2998.0,234.0,443845,443036,886881,118736,117430,236166,562581,560466,1123047,153.0251,-27.4698
638,brisbane,Mar-05,2005,3,3344.0,326.0,3422.0,339.0,494050,494916,988966,142566,142294,284860,636616,637210,1273826,153.0251,-27.4698
639,brisbane,Mar-06,2006,3,3541.0,389.0,3524.0,379.0,506433,503723,1010156,136253,136404,272657,642686,640127,1282813,153.0251,-27.4698
640,brisbane,Mar-07,2007,3,3712.0,455.0,3597.0,526.0,552568,548746,1101314,158937,155550,314487,711505,704296,1415801,153.0251,-27.4698
641,brisbane,Mar-08,2008,3,3526.0,642.0,3400.0,735.0,595855,594437,1190292,161086,160637,321723,756941,755074,1512015,153.0251,-27.4698
642,brisbane,Mar-09,2009,3,3934.0,523.0,3925.0,514.0,594507,593558,1188065,156115,158487,314602,750622,752045,1502667,153.0251,-27.4698
643,brisbane,Mar-10,2010,3,3794.0,556.0,3769.0,543.0,605994,603265,1209259,162490,168234,330724,768484,771499,1539983,153.0251,-27.4698
644,brisbane,Mar-11,2011,3,3729.0,964.0,3630.0,1044.0,639595,638987,1278582,155406,155471,310877,795001,794458,1589459,153.0251,-27.4698
645,brisbane,Mar-12,2012,3,4141.0,1077.0,3982.0,1237.0,685394,684321,1369715,169085,171101,340186,854479,855422,1709901,153.0251,-27.4698
646,brisbane,Mar-13,2013,3,4520.0,1158.0,4106.0,1520.0,676094,669643,1345737,180132,184082,364214,856226,853725,1709951,153.0251,-27.4698
647,brisbane,Mar-14,2014,3,5139.0,958.0,4780.0,1277.0,697430,695026,1392456,182017,180736,362753,879447,875762,1755209,153.0251,-27.4698
648,brisbane,Mar-15,2015,3,5743.0,552.0,5564.0,707.0,697493,691926,1389419,205557,209665,415222,903050,901591,1804641,153.0251,-27.4698
649,brisbane,Mar-16,2016,3,5653.0,594.0,5537.0,680.0,710475,717302,1427777,207898,219618,427516,918373,936920,1855293,153.0251,-27.4698
650,brisbane,Mar-17,2017,3,4730.0,1153.0,4577.0,1298.0,704824,700905,1405729,215447,224530,439977,920271,925435,1845706,153.0251,-27.4698
651,brisbane,Mar-18,2018,3,4668.0,941.0,4577.0,1031.0,732614,724871,1457485,241454,245843,487297,974068,970714,1944782,153.0251,-27.4698
652,brisbane,Mar-19,2019,3,4659.0,996.0,4504.0,1161.0,716941,707741,1424682,236208,242477,478685,953149,950218,1903367,153.0251,-27.4698
653,brisbane,Mar-20,2020,3,3702.0,567.0,3670.0,606.0,445000,440149,885149,138690,125177,263867,583690,565326,1149016,153.0251,-27.4698
654,brisbane,Mar-21,2021,3,3244.0,544.0,3252.0,524.0,427648,425920,853568,6444,3936,10380,434092,429856,863948,153.0251,-27.4698
655,brisbane,Mar-22,2022,3,3206.0,1017.0,3217.0,1006.0,512295,519705,1032000,44992,40392,85384,557287,560097,1117384,153.0251,-27.4698
656,brisbane,Mar-23,2023,3,3949.0,1469.0,3879.0,1535.0,687168,693293,1380461,173754,173503,347257,860922,866796,1727718,153.0251,-27.4698
657,brisbane,May-04,2004,5,3218.0,215.0,3221.0,175.0,455167,453779,908946,111746,113873,225619,566913,567652,1134565,153.0251,-27.4698
658,brisbane,May-05,2005,5,3400.0,474.0,3352.0,480.0,485899,481767,967666,125447,133992,259439,611346,615759,1227105,153.0251,-27.4698
659,brisbane,May-06,2006,5,3758.0,286.0,3696.0,317.0,510539,505398,1015937,129506,135405,264911,640045,640803,1280848,153.0251,-27.4698
660,brisbane,May-07,2007,5,3769.0,390.0,3658.0,457.0,561731,559780,1121511,138687,142402,281089,700418,702182,1402600,153.0251,-27.4698
661,brisbane,May-08,2008,5,3688.0,629.0,3545.0,730.0,573008,571259,1144267,151828,154565,306393,724836,725824,1450660,153.0251,-27.4698
662,brisbane,May-09,2009,5,3854.0,493.0,3831.0,494.0,584999,579257,1164256,148025,155486,303511,733024,734743,1467767,153.0251,-27.4698
663,brisbane,May-10,2010,5,4056.0,576.0,4063.0,545.0,596680,592018,1188698,149297,158209,307506,745977,750227,1496204,153.0251,-27.4698
664,brisbane,May-11,2011,5,3906.0,724.0,3767.0,832.0,646930,644697,1291627,165542,168888,334430,812472,813585,1626057,153.0251,-27.4698
665,brisbane,May-12,2012,5,4501.0,755.0,4306.0,948.0,670557,669601,1340158,157384,162873,320257,827941,832474,1660415,153.0251,-27.4698
666,brisbane,May-13,2013,5,4677.0,1002.0,4206.0,1445.0,669358,667312,1336670,166381,173192,339573,835739,840504,1676243,153.0251,-27.4698
667,brisbane,May-14,2014,5,5504.0,717.0,5137.0,1054.0,690348,686761,1377109,181007,186442,367449,871355,873203,1744558,153.0251,-27.4698
668,brisbane,May-15,2015,5,5507.0,625.0,5366.0,759.0,668512,665042,1333554,189075,198431,387506,857587,863473,1721060,153.0251,-27.4698
669,brisbane,May-16,2016,5,5503.0,456.0,5482.0,443.0,684637,680157,1364794,192720,200906,393626,877357,881063,1758420,153.0251,-27.4698
670,brisbane,May-17,2017,5,5021.0,729.0,4946.0,799.0,693729,679803,1373532,207596,219433,427029,901325,899236,1800561,153.0251,-27.4698
671,brisbane,May-18,2018,5,4763.0,789.0,4809.0,740.0,705597,704367,1409964,222438,234141,456579,928035,938508,1866543,153.0251,-27.4698
672,brisbane,May-19,2019,5,5054.0,739.0,4978.0,802.0,713574,705242,1418816,239373,246644,486017,952947,951886,1904833,153.0251,-27.4698
673,brisbane,May-20,2020,5,239.0,23.0,248.0,16.0,32659,32637,65296,1809,2679,4488,34468,35316,69784,153.0251,-27.4698
674,brisbane,May-21,2021,5,3526.0,683.0,3513.0,703.0,511000,503556,1014556,25723,22710,48433,536723,526266,1062989,153.0251,-27.4698
675,brisbane,May-22,2022,5,3269.0,1815.0,3103.0,1976.0,634184,628422,1262606,84015,90484,174499,718199,718906,1437105,153.0251,-27.4698
676,brisbane,May-23,2023,5,4133.0,1411.0,4029.0,1508.0,670900,666949,1337849,173763,180078,353841,844663,847027,1691690,153.0251,-27.4698
677,brisbane,Nov-04,2004,11,3172.0,394.0,3246.0,382.0,479936,482399,962335,137086,143505,280591,617022,625904,1242926,153.0251,-27.4698
678,brisbane,Nov-05,2005,11,3326.0,518.0,3286.0,523.0,506546,508244,1014790,135876,147514,283390,642422,655758,1298180,153.0251,-27.4698
679,brisbane,Nov-06,2006,11,3593.0,511.0,3515.0,543.0,569319,573220,1142539,150858,154736,305594,720177,727956,1448133,153.0251,-27.4698
680,brisbane,Nov-07,2007,11,3521.0,792.0,3413.0,850.0,603788,604361,1208149,157226,161692,318918,761014,766053,1527067,153.0251,-27.4698
681,brisbane,Nov-08,2008,11,3621.0,855.0,3613.0,843.0,609732,610703,1220435,156695,166190,322885,766427,776893,1543320,153.0251,-27.4698
682,brisbane,Nov-09,2009,11,3767.0,516.0,3766.0,494.0,611573,619324,1230897,161768,173891,335659,773341,793215,1566556,153.0251,-27.4698
683,brisbane,Nov-10,2010,11,3833.0,851.0,3738.0,910.0,663810,669962,1333772,167586,178601,346187,831396,848563,1679959,153.0251,-27.4698
684,brisbane,Nov-11,2011,11,3922.0,728.0,3897.0,735.0,687385,697645,1385030,177310,187609,364919,864695,885254,1749949,153.0251,-27.4698
685,brisbane,Nov-12,2012,11,4627.0,1009.0,4147.0,1495.0,722127,720893,1443020,175100,184029,359129,897227,904922,1802149,153.0251,-27.4698
686,brisbane,Nov-13,2013,11,4806.0,1174.0,4311.0,1637.0,718088,718447,1436535,184757,192166,376923,902845,910613,1813458,153.0251,-27.4698
687,brisbane,Nov-14,2014,11,5191.0,744.0,4865.0,1053.0,693076,696103,1389179,197992,207211,405203,891068,903314,1794382,153.0251,-27.4698
688,brisbane,Nov-15,2015,11,5393.0,764.0,5232.0,899.0,716798,726921,1443719,202450,210900,413350,919248,937821,1857069,153.0251,-27.4698
689,brisbane,Nov-16,2016,11,5082.0,891.0,5002.0,958.0,715585,722357,1437942,212287,226400,438687,927872,948757,1876629,153.0251,-27.4698
690,brisbane,Nov-17,2017,11,4631.0,1029.0,4403.0,1247.0,738661,741905,1480566,222363,235437,457800,961024,977342,1938366,153.0251,-27.4698
691,brisbane,Nov-18,2018,11,4451.0,1139.0,4415.0,1174.0,745591,744689,1490280,231942,246721,478663,977533,991410,1968943,153.0251,-27.4698
692,brisbane,Nov-19,2019,11,4554.0,1075.0,4506.0,1121.0,746493,752828,1499321,255212,266720,521932,1001705,1019548,2021253,153.0251,-27.4698
693,brisbane,Nov-20,2020,11,1787.0,210.0,1747.0,241.0,217430,224522,441952,4601,4844,9445,222031,229366,451397,153.0251,-27.4698
694,brisbane,Nov-21,2021,11,2160.0,284.0,2142.0,295.0,250852,253869,504721,2578,7419,9997,253430,261288,514718,153.0251,-27.4698
695,brisbane,Nov-22,2022,11,3460.0,1568.0,3540.0,1485.0,662151,674355,1336506,160209,164470,324679,822360,838825,1661185,153.0251,-27.4698
696,brisbane,Nov-23,2023,11,3513.0,1858.0,3259.0,2113.0,711614,719765,1431379,213208,227229,440437,924822,946994,1871816,153.0251,-27.4698
697,brisbane,Oct-04,2004,10,3197.0,606.0,3133.0,636.0,531941,532369,1064310,156042,136006,292048,687983,668375,1356358,153.0251,-27.4698
698,brisbane,Oct-05,2005,10,3402.0,650.0,3314.0,707.0,548918,551949,1100867,160991,149945,310936,709909,701894,1411803,153.0251,-27.4698
699,brisbane,Oct-06,2006,10,3913.0,328.0,3857.0,336.0,611639,608679,1220318,182072,162195,344267,793711,770874,1564585,153.0251,-27.4698
700,brisbane,Oct-07,2007,10,3405.0,938.0,3377.0,920.0,649094,650621,1299715,181037,160564,341601,830131,811185,1641316,153.0251,-27.4698
701,brisbane,Oct-08,2008,10,3748.0,980.0,3775.0,924.0,689184,690787,1379971,185838,162537,348375,875022,853324,1728346,153.0251,-27.4698
702,brisbane,Oct-09,2009,10,3855.0,652.0,3956.0,543.0,663699,667650,1331349,191678,172089,363767,855377,839739,1695116,153.0251,-27.4698
703,brisbane,Oct-10,2010,10,3871.0,961.0,3805.0,981.0,705758,711488,1417246,197989,178468,376457,903747,889956,1793703,153.0251,-27.4698
704,brisbane,Oct-11,2011,10,3592.0,1066.0,3517.0,1121.0,711157,722627,1433784,216988,183402,400390,928145,906029,1834174,153.0251,-27.4698
705,brisbane,Oct-12,2012,10,4626.0,1150.0,4120.0,1654.0,755041,759021,1514062,212706,180386,393092,967747,939407,1907154,153.0251,-27.4698
706,brisbane,Oct-13,2013,10,5194.0,1179.0,4833.0,1493.0,768788,774774,1543562,225003,188766,413769,993791,963540,1957331,153.0251,-27.4698
707,brisbane,Oct-14,2014,10,5703.0,744.0,5460.0,967.0,776924,780848,1557772,234133,204479,438612,1011057,985327,1996384,153.0251,-27.4698
708,brisbane,Oct-15,2015,10,5590.0,713.0,5433.0,851.0,752480,761055,1513535,242288,216271,458559,994768,977326,1972094,153.0251,-27.4698
709,brisbane,Oct-16,2016,10,5493.0,696.0,5379.0,797.0,745465,757564,1503029,251916,231523,483439,997381,989087,1986468,153.0251,-27.4698
710,brisbane,Oct-17,2017,10,4559.0,1285.0,4391.0,1449.0,764991,789151,1554142,260136,234779,494915,1025127,1023930,2049057,153.0251,-27.4698
711,brisbane,Oct-18,2018,10,4603.0,1225.0,4524.0,1302.0,775645,787653,1563298,284433,248094,532527,1060078,1035747,2095825,153.0251,-27.4698
712,brisbane,Oct-19,2019,10,4818.0,1174.0,4770.0,1213.0,807162,817472,1624634,295301,259813,555114,1102463,1077285,2179748,153.0251,-27.4698
713,brisbane,Oct-20,2020,10,1542.0,195.0,1543.0,189.0,193051,184825,377876,5315,7184,12499,198366,192009,390375,153.0251,-27.4698
714,brisbane,Oct-21,2021,10,2031.0,251.0,1979.0,297.0,234056,228529,462585,3399,4891,8290,237455,233420,470875,153.0251,-27.4698
715,brisbane,Oct-22,2022,10,3451.0,1512.0,3486.0,1470.0,694615,697835,1392450,164173,145909,310082,858788,843744,1702532,153.0251,-27.4698
716,brisbane,Oct-23,2023,10,4041.0,1618.0,4057.0,1604.0,730214,737807,1468021,225733,208142,433875,955947,945949,1901896,153.0251,-27.4698
717,brisbane,Sep-04,2004,9,3184.0,552.0,3214.0,490.0,525569,519429,1044998,144519,148738,293257,670088,668167,1338255,153.0251,-27.4698
718,brisbane,Sep-05,2005,9,3544.0,348.0,3448.0,418.0,550868,539080,1089948,163503,156909,320412,714371,695989,1410360,153.0251,-27.4698
719,brisbane,Sep-06,2006,9,3564.0,463.0,3511.0,489.0,574017,575981,1149998,170627,171001,341628,744644,746982,1491626,153.0251,-27.4698
720,brisbane,Sep-07,2007,9,3263.0,812.0,3235.0,795.0,608255,603528,1211783,169900,178498,348398,778155,782026,1560181,153.0251,-27.4698
721,brisbane,Sep-08,2008,9,3611.0,846.0,3500.0,923.0,635652,626785,1262437,168024,172677,340701,803676,799462,1603138,153.0251,-27.4698
722,brisbane,Sep-09,2009,9,3705.0,606.0,3791.0,515.0,637070,631560,1268630,175337,183274,358611,812407,814834,1627241,153.0251,-27.4698
723,brisbane,Sep-10,2010,9,3587.0,976.0,3585.0,952.0,687199,679663,1366862,187251,193066,380317,874450,872729,1747179,153.0251,-27.4698
724,brisbane,Sep-11,2011,9,3846.0,771.0,3801.0,703.0,707665,694602,1402267,191295,200297,391592,898960,894899,1793859,153.0251,-27.4698
725,brisbane,Sep-12,2012,9,4698.0,850.0,4350.0,1194.0,719914,713252,1433166,191827,196811,388638,911741,910063,1821804,153.0251,-27.4698
726,brisbane,Sep-13,2013,9,5105.0,983.0,4638.0,1410.0,721283,714519,1435802,203232,209090,412322,924515,923609,1848124,153.0251,-27.4698
727,brisbane,Sep-14,2014,9,5469.0,770.0,5240.0,947.0,723998,723032,1447030,216209,214891,431100,940207,937923,1878130,153.0251,-27.4698
728,brisbane,Sep-15,2015,9,5501.0,699.0,5447.0,738.0,734237,724209,1458446,222465,226764,449229,956702,950973,1907675,153.0251,-27.4698
729,brisbane,Sep-16,2016,9,5373.0,830.0,5254.0,942.0,751149,738748,1489897,235700,237262,472962,986849,976010,1962859,153.0251,-27.4698
730,brisbane,Sep-17,2017,9,4896.0,924.0,4937.0,892.0,757027,737443,1494470,245888,248264,494152,1002915,985707,1988622,153.0251,-27.4698
731,brisbane,Sep-18,2018,9,4690.0,833.0,4724.0,798.0,732027,722595,1454622,257304,271474,528778,989331,994069,1983400,153.0251,-27.4698
732,brisbane,Sep-19,2019,9,4731.0,1053.0,4743.0,1028.0,760862,757044,1517906,262254,278326,540580,1023116,1035370,2058486,153.0251,-27.4698
733,brisbane,Sep-20,2020,9,1442.0,122.0,1391.0,163.0,154735,156829,311564,2123,5762,7885,156858,162591,319449,153.0251,-27.4698
734,brisbane,Sep-21,2021,9,1893.0,150.0,1878.0,163.0,218867,223494,442361,3420,4240,7660,222287,227734,450021,153.0251,-27.4698
735,brisbane,Sep-22,2022,9,3226.0,1511.0,3168.0,1573.0,677647,667478,1345125,147935,143906,291841,825582,811384,1636966,153.0251,-27.4698
736,brisbane,Sep-23,2023,9,3740.0,1773.0,3833.0,1709.0,727365,722667,1450032,217038,216383,433421,944403,939050,1883453,153.0251,-27.4698
737,cairns,Apr-04,2004,4,531.0,41.0,512.0,61.0,101639,101778,203417,33354,32588,65942,134993,134366,269359,145.7781,-16.9186
738,cairns,Apr-05,2005,4,550.0,74.0,538.0,85.0,109152,109133,218285,29976,30847,60823,139128,139980,279108,145.7781,-16.9186
739,cairns,Apr-06,2006,4,557.0,69.0,550.0,75.0,114125,113803,227928,30899,31554,62453,145024,145357,290381,145.7781,-16.9186
740,cairns,Apr-07,2007,4,624.0,46.0,616.0,55.0,120698,119999,240697,24694,25400,50094,145392,145399,290791,145.7781,-16.9186
741,cairns,Apr-08,2008,4,608.0,109.0,582.0,135.0,119711,118512,238223,21768,23184,44952,141479,141696,283175,145.7781,-16.9186
742,cairns,Apr-09,2009,4,605.0,73.0,598.0,81.0,128098,127789,255887,16231,15879,32110,144329,143668,287997,145.7781,-16.9186
743,cairns,Apr-10,2010,4,808.0,94.0,790.0,113.0,123075,126177,249252,19035,19013,38048,142110,145190,287300,145.7781,-16.9186
744,cairns,Apr-11,2011,4,777.0,133.0,776.0,178.0,138443,134419,272862,18519,18859,37378,156962,153278,310240,145.7781,-16.9186
745,cairns,Apr-12,2012,4,874.0,141.0,824.0,187.0,143393,143788,287181,19108,19012,38120,162501,162800,325301,145.7781,-16.9186
746,cairns,Apr-13,2013,4,876.0,187.0,859.0,206.0,144224,151242,295466,18953,18806,37759,163177,170048,333225,145.7781,-16.9186
747,cairns,Apr-14,2014,4,698.0,164.0,734.0,136.0,156096,155713,311809,14670,16394,31064,170766,172107,342873,145.7781,-16.9186
748,cairns,Apr-15,2015,4,732.0,140.0,744.0,134.0,155106,159990,315096,18491,19824,38315,173597,179814,353411,145.7781,-16.9186
749,cairns,Apr-16,2016,4,993.0,92.0,995.0,90.0,158962,163293,322255,25976,25867,51843,184938,189160,374098,145.7781,-16.9186
750,cairns,Apr-17,2017,4,986.0,131.0,1014.0,109.0,181848,180316,362164,24815,27684,52499,206663,208000,414663,145.7781,-16.9186
751,cairns,Apr-18,2018,4,965.0,125.0,963.0,125.0,169060,177203,346263,24471,25518,49989,193531,202721,396252,145.7781,-16.9186
752,cairns,Apr-19,2019,4,917.0,163.0,943.0,144.0,174165,174537,348702,26308,26781,53089,200473,201318,401791,145.7781,-16.9186
753,cairns,Apr-20,2020,4,60.0,6.0,61.0,4.0,3459,3967,7426,30,24,54,3489,3991,7480,145.7781,-16.9186
754,cairns,Apr-21,2021,4,787.0,140.0,814.0,114.0,139312,137320,276632,0,0,0,139312,137320,276632,145.7781,-16.9186
755,cairns,Apr-22,2022,4,728.0,315.0,676.0,373.0,176984,170675,347659,1597,1374,2971,178581,172049,350630,145.7781,-16.9186
756,cairns,Apr-23,2023,4,704.0,265.0,756.0,216.0,163902,166802,330704,18602,16245,34847,182504,183047,365551,145.7781,-16.9186
757,cairns,Aug-04,2004,8,617.0,65.0,605.0,77.0,127024,127915,254939,36293,41467,77760,163317,169382,332699,145.7781,-16.9186
758,cairns,Aug-05,2005,8,623.0,86.0,606.0,92.0,140265,142281,282546,37629,43419,81048,177894,185700,363594,145.7781,-16.9186
759,cairns,Aug-06,2006,8,655.0,74.0,670.0,59.0,142571,143914,286485,33113,36214,69327,175684,180128,355812,145.7781,-16.9186
760,cairns,Aug-07,2007,8,577.0,166.0,574.0,169.0,145711,146989,292700,32731,34249,66980,178442,181238,359680,145.7781,-16.9186
761,cairns,Aug-08,2008,8,628.0,185.0,601.0,213.0,148631,150384,299015,28985,31144,60129,177616,181528,359144,145.7781,-16.9186
762,cairns,Aug-09,2009,8,805.0,78.0,818.0,62.0,142390,147829,290219,18813,19954,38767,161203,167783,328986,145.7781,-16.9186
763,cairns,Aug-10,2010,8,751.0,168.0,741.0,189.0,149446,153659,303105,24728,27474,52202,174174,181133,355307,145.7781,-16.9186
764,cairns,Aug-11,2011,8,877.0,137.0,862.0,150.0,155585,161361,316946,25287,27519,52806,180872,188880,369752,145.7781,-16.9186
765,cairns,Aug-12,2012,8,934.0,149.0,906.0,177.0,161718,168050,329768,25790,27104,52894,187508,195154,382662,145.7781,-16.9186
766,cairns,Aug-13,2013,8,1004.0,153.0,1031.0,127.0,175719,181971,357690,24696,27564,52260,200415,209535,409950,145.7781,-16.9186
767,cairns,Aug-14,2014,8,716.0,197.0,755.0,160.0,176583,183251,359834,23182,26286,49468,199765,209537,409302,145.7781,-16.9186
768,cairns,Aug-15,2015,8,839.0,116.0,861.0,92.0,181781,189008,370789,27312,30336,57648,209093,219344,428437,145.7781,-16.9186
769,cairns,Aug-16,2016,8,1043.0,141.0,1029.0,156.0,189152,195768,384920,28342,33282,61624,217494,229050,446544,145.7781,-16.9186
770,cairns,Aug-17,2017,8,963.0,183.0,1001.0,140.0,190495,196881,387376,30565,36935,67500,221060,233816,454876,145.7781,-16.9186
771,cairns,Aug-18,2018,8,890.0,213.0,925.0,183.0,196958,203255,400213,33261,36904,70165,230219,240159,470378,145.7781,-16.9186
772,cairns,Aug-19,2019,8,872.0,223.0,890.0,206.0,186770,193366,380136,31853,35300,67153,218623,228666,447289,145.7781,-16.9186
773,cairns,Aug-20,2020,8,280.0,55.0,300.0,37.0,47105,50717,97822,79,58,137,47184,50775,97959,145.7781,-16.9186
774,cairns,Aug-21,2021,8,371.0,42.0,373.0,37.0,42963,46215,89178,0,0,0,42963,46215,89178,145.7781,-16.9186
775,cairns,Aug-22,2022,8,650.0,347.0,695.0,303.0,173475,178869,352344,11323,10614,21937,184798,189483,374281,145.7781,-16.9186
776,cairns,Aug-23,2023,8,781.0,290.0,838.0,234.0,188334,193286,381620,27315,27939,55254,215649,221225,436874,145.7781,-16.9186
777,cairns,Dec-04,2004,12,551.0,79.0,528.0,101.0,103297,102325,205622,36863,34203,71066,140160,136528,276688,145.7781,-16.9186
778,cairns,Dec-05,2005,12,578.0,64.0,570.0,74.0,116343,114549,230892,39929,36235,76164,156272,150784,307056,145.7781,-16.9186
779,cairns,Dec-06,2006,12,600.0,95.0,601.0,93.0,121345,120442,241787,32552,30225,62777,153897,150667,304564,145.7781,-16.9186
780,cairns,Dec-07,2007,12,632.0,104.0,596.0,141.0,123626,120637,244263,27776,27050,54826,151402,147687,299089,145.7781,-16.9186
781,cairns,Dec-08,2008,12,606.0,101.0,612.0,95.0,129256,125045,254301,20631,21150,41781,149887,146195,296082,145.7781,-16.9186
782,cairns,Dec-09,2009,12,767.0,64.0,767.0,68.0,124533,121771,246304,18047,16349,34396,142580,138120,280700,145.7781,-16.9186
783,cairns,Dec-10,2010,12,779.0,185.0,732.0,238.0,145414,138845,284259,22953,22813,45766,168367,161658,330025,145.7781,-16.9186
784,cairns,Dec-11,2011,12,774.0,131.0,715.0,192.0,141033,136042,277075,20453,20258,40711,161486,156300,317786,145.7781,-16.9186
785,cairns,Dec-12,2012,12,882.0,120.0,863.0,139.0,150197,143744,293941,23186,24671,47857,173383,168415,341798,145.7781,-16.9186
786,cairns,Dec-13,2013,12,931.0,108.0,902.0,144.0,165079,159070,324149,20333,21652,41985,185412,180722,366134,145.7781,-16.9186
787,cairns,Dec-14,2014,12,756.0,112.0,751.0,114.0,171023,161710,332733,19374,21343,40717,190397,183053,373450,145.7781,-16.9186
788,cairns,Dec-15,2015,12,990.0,157.0,983.0,165.0,182390,171966,354356,24899,27384,52283,207289,199350,406639,145.7781,-16.9186
789,cairns,Dec-16,2016,12,988.0,169.0,1021.0,139.0,188179,177439,365618,28437,31320,59757,216616,208759,425375,145.7781,-16.9186
790,cairns,Dec-17,2017,12,882.0,195.0,921.0,155.0,187915,179021,366936,29556,34214,63770,217471,213235,430706,145.7781,-16.9186
791,cairns,Dec-18,2018,12,801.0,262.0,819.0,243.0,182221,174912,357133,28415,30812,59227,210636,205724,416360,145.7781,-16.9186
792,cairns,Dec-19,2019,12,810.0,229.0,798.0,237.0,178108,171434,349542,25408,27336,52744,203516,198770,402286,145.7781,-16.9186
793,cairns,Dec-20,2020,12,492.0,118.0,470.0,142.0,104291,92785,197076,250,106,356,104541,92891,197432,145.7781,-16.9186
794,cairns,Dec-21,2021,12,730.0,135.0,706.0,158.0,117397,98493,215890,0,26,26,117397,98519,215916,145.7781,-16.9186
795,cairns,Dec-22,2022,12,687.0,268.0,689.0,267.0,159727,149179,308906,11267,14438,25705,170994,163617,334611,145.7781,-16.9186
796,cairns,Feb-04,2004,2,469.0,21.0,469.0,22.0,77679,80087,157766,31776,28575,60351,109455,108662,218117,145.7781,-16.9186
797,cairns,Feb-05,2005,2,517.0,61.0,516.0,61.0,90431,92571,183002,33076,33019,66095,123507,125590,249097,145.7781,-16.9186
798,cairns,Feb-06,2006,2,534.0,28.0,496.0,38.0,89954,93536,183490,33353,32784,66137,123307,126320,249627,145.7781,-16.9186
799,cairns,Feb-07,2007,2,534.0,84.0,526.0,92.0,102018,104313,206331,31309,27251,58560,133327,131564,264891,145.7781,-16.9186
800,cairns,Feb-08,2008,2,524.0,128.0,497.0,156.0,107846,111227,219073,27046,23068,50114,134892,134295,269187,145.7781,-16.9186
801,cairns,Feb-09,2009,2,561.0,54.0,565.0,50.0,102988,106588,209576,15352,14234,29586,118340,120822,239162,145.7781,-16.9186
802,cairns,Feb-10,2010,2,697.0,66.0,666.0,98.0,109475,113285,222760,18708,15744,34452,128183,129029,257212,145.7781,-16.9186
803,cairns,Feb-11,2011,2,631.0,149.0,622.0,161.0,107247,110367,217614,18556,16331,34887,125803,126698,252501,145.7781,-16.9186
804,cairns,Feb-12,2012,2,728.0,106.0,670.0,166.0,109778,114481,224259,19335,17247,36582,129113,131728,260841,145.7781,-16.9186
805,cairns,Feb-13,2013,2,661.0,197.0,678.0,180.0,123938,128914,252852,21829,20189,42018,145767,149103,294870,145.7781,-16.9186
806,cairns,Feb-14,2014,2,722.0,101.0,752.0,72.0,126598,135121,261719,20129,19117,39246,146727,154238,300965,145.7781,-16.9186
807,cairns,Feb-15,2015,2,632.0,118.0,652.0,99.0,140012,144177,284189,24375,20661,45036,164387,164838,329225,145.7781,-16.9186
808,cairns,Feb-16,2016,2,927.0,86.0,945.0,70.0,147359,150684,298043,29128,28700,57828,176487,179384,355871,145.7781,-16.9186
809,cairns,Feb-17,2017,2,773.0,137.0,786.0,124.0,136709,142652,279361,24322,24762,49084,161031,167414,328445,145.7781,-16.9186
810,cairns,Feb-18,2018,2,755.0,146.0,794.0,104.0,148120,153832,301952,29756,28672,58428,177876,182504,360380,145.7781,-16.9186
811,cairns,Feb-19,2019,2,731.0,153.0,744.0,141.0,137677,144222,281899,30795,25815,56610,168472,170037,338509,145.7781,-16.9186
812,cairns,Feb-20,2020,2,735.0,142.0,728.0,149.0,112318,121118,233436,24070,19120,43190,136388,140238,276626,145.7781,-16.9186
813,cairns,Feb-21,2021,2,417.0,33.0,397.0,53.0,61052,61666,122718,184,104,288,61236,61770,123006,145.7781,-16.9186
814,cairns,Feb-22,2022,2,425.0,85.0,388.0,122.0,74950,73920,148870,0,111,111,74950,74031,148981,145.7781,-16.9186
815,cairns,Feb-23,2023,2,522.0,164.0,522.0,163.0,111683,116266,227949,15903,11957,27860,127586,128223,255809,145.7781,-16.9186
816,cairns,Jan-04,2004,1,561.0,59.0,566.0,56.0,97476,105594,203070,36512,33924,70436,133988,139518,273506,145.7781,-16.9186
817,cairns,Jan-05,2005,1,590.0,79.0,586.0,88.0,100664,105591,206255,39113,37860,76973,139777,143451,283228,145.7781,-16.9186
818,cairns,Jan-06,2006,1,594.0,58.0,603.0,51.0,109322,115807,225129,40753,37480,78233,150075,153287,303362,145.7781,-16.9186
819,cairns,Jan-07,2007,1,644.0,36.0,644.0,38.0,114541,120259,234800,31947,31554,63501,146488,151813,298301,145.7781,-16.9186
820,cairns,Jan-08,2008,1,617.0,113.0,578.0,154.0,119673,125682,245355,27273,27304,54577,146946,152986,299932,145.7781,-16.9186
821,cairns,Jan-09,2009,1,617.0,92.0,642.0,67.0,130359,138023,268382,18537,16984,35521,148896,155007,303903,145.7781,-16.9186
822,cairns,Jan-10,2010,1,724.0,68.0,714.0,73.0,115618,122164,237782,16968,16811,33779,132586,138975,271561,145.7781,-16.9186
823,cairns,Jan-11,2011,1,809.0,142.0,815.0,132.0,129363,135005,264368,22107,22050,44157,151470,157055,308525,145.7781,-16.9186
824,cairns,Jan-12,2012,1,791.0,140.0,770.0,159.0,137858,145152,283010,20310,19523,39833,158168,164675,322843,145.7781,-16.9186
825,cairns,Jan-13,2013,1,817.0,193.0,855.0,156.0,139922,152258,292180,23084,21479,44563,163006,173737,336743,145.7781,-16.9186
826,cairns,Jan-14,2014,1,946.0,109.0,938.0,112.0,160822,172757,333579,23911,20221,44132,184733,192978,377711,145.7781,-16.9186
827,cairns,Jan-15,2015,1,776.0,106.0,801.0,81.0,152476,165203,317679,22204,20752,42956,174680,185955,360635,145.7781,-16.9186
828,cairns,Jan-16,2016,1,1018.0,126.0,1025.0,120.0,166392,180143,346535,28354,25600,53954,194746,205743,400489,145.7781,-16.9186
829,cairns,Jan-17,2017,1,1009.0,145.0,1052.0,104.0,179645,190243,369888,31070,29762,60832,210715,220005,430720,145.7781,-16.9186
830,cairns,Jan-18,2018,1,948.0,164.0,993.0,121.0,174815,189015,363830,33610,29869,63479,208425,218884,427309,145.7781,-16.9186
831,cairns,Jan-19,2019,1,901.0,188.0,935.0,160.0,165466,182593,348059,35119,28466,63585,200585,211059,411644,145.7781,-16.9186
832,cairns,Jan-20,2020,1,845.0,207.0,870.0,185.0,167386,180829,348215,28638,24465,53103,196024,205294,401318,145.7781,-16.9186
833,cairns,Jan-21,2021,1,513.0,84.0,506.0,92.0,81168,94999,176167,267,127,394,81435,95126,176561,145.7781,-16.9186
834,cairns,Jan-22,2022,1,679.0,140.0,725.0,96.0,101593,119639,221232,0,68,68,101593,119707,221300,145.7781,-16.9186
835,cairns,Jan-23,2023,1,708.0,209.0,734.0,180.0,143420,155313,298733,15885,13920,29805,159305,169233,328538,145.7781,-16.9186
836,cairns,Jul-04,2004,7,562.0,80.0,548.0,94.0,129466,131067,260533,38695,33214,71909,168161,164281,332442,145.7781,-16.9186
837,cairns,Jul-05,2005,7,506.0,161.0,515.0,153.0,140786,143051,283837,38578,33760,72338,179364,176811,356175,145.7781,-16.9186
838,cairns,Jul-06,2006,7,575.0,186.0,582.0,179.0,152746,152101,304847,31715,28879,60594,184461,180980,365441,145.7781,-16.9186
839,cairns,Jul-07,2007,7,606.0,139.0,599.0,146.0,153718,153644,307362,32162,28765,60927,185880,182409,368289,145.7781,-16.9186
840,cairns,Jul-08,2008,7,511.0,293.0,488.0,315.0,154430,154544,308974,26328,23019,49347,180758,177563,358321,145.7781,-16.9186
841,cairns,Jul-09,2009,7,757.0,135.0,770.0,123.0,155297,153463,308760,17755,16377,34132,173052,169840,342892,145.7781,-16.9186
842,cairns,Jul-10,2010,7,792.0,165.0,752.0,207.0,159579,160532,320111,24341,20546,44887,183920,181078,364998,145.7781,-16.9186
843,cairns,Jul-11,2011,7,845.0,180.0,818.0,207.0,168361,169448,337809,26916,22192,49108,195277,191640,386917,145.7781,-16.9186
844,cairns,Jul-12,2012,7,860.0,262.0,788.0,329.0,174535,179859,354394,24553,20007,44560,199088,199866,398954,145.7781,-16.9186
845,cairns,Jul-13,2013,7,910.0,282.0,940.0,257.0,184689,193806,378495,24150,19409,43559,208839,213215,422054,145.7781,-16.9186
846,cairns,Jul-14,2014,7,747.0,199.0,782.0,161.0,190882,193790,384672,23638,18074,41712,214520,211864,426384,145.7781,-16.9186
847,cairns,Jul-15,2015,7,735.0,228.0,756.0,209.0,192616,197402,390018,28199,23289,51488,220815,220691,441506,145.7781,-16.9186
848,cairns,Jul-16,2016,7,906.0,314.0,923.0,296.0,205259,208746,414005,28946,24878,53824,234205,233624,467829,145.7781,-16.9186
849,cairns,Jul-17,2017,7,968.0,239.0,1000.0,204.0,208892,213575,422467,31200,26249,57449,240092,239824,479916,145.7781,-16.9186
850,cairns,Jul-18,2018,7,903.0,263.0,922.0,243.0,210462,214490,424952,32402,27031,59433,242864,241521,484385,145.7781,-16.9186
851,cairns,Jul-19,2019,7,900.0,277.0,935.0,246.0,202599,207474,410073,32703,26768,59471,235302,234242,469544,145.7781,-16.9186
852,cairns,Jul-20,2020,7,256.0,85.0,292.0,49.0,54621,49769,104390,53,72,125,54674,49841,104515,145.7781,-16.9186
853,cairns,Jul-21,2021,7,687.0,63.0,670.0,74.0,105136,122044,227180,434,550,984,105570,122594,228164,145.7781,-16.9186
854,cairns,Jul-22,2022,7,531.0,466.0,537.0,461.0,188524,196632,385156,10314,8022,18336,198838,204654,403492,145.7781,-16.9186
855,cairns,Jul-23,2023,7,698.0,334.0,741.0,289.0,195021,204360,399381,28855,20136,48991,223876,224496,448372,145.7781,-16.9186
856,cairns,Jun-04,2004,6,535.0,45.0,511.0,70.0,114284,109924,224208,33390,32658,66048,147674,142582,290256,145.7781,-16.9186
857,cairns,Jun-05,2005,6,493.0,143.0,452.0,185.0,123203,117056,240259,33002,30829,63831,156205,147885,304090,145.7781,-16.9186
858,cairns,Jun-06,2006,6,536.0,147.0,515.0,170.0,127372,120239,247611,31871,30797,62668,159243,151036,310279,145.7781,-16.9186
859,cairns,Jun-07,2007,6,535.0,182.0,450.0,266.0,131431,122998,254429,28136,26594,54730,159567,149592,309159,145.7781,-16.9186
860,cairns,Jun-08,2008,6,597.0,207.0,586.0,220.0,135208,128860,264068,21931,21696,43627,157139,150556,307695,145.7781,-16.9186
861,cairns,Jun-09,2009,6,525.0,88.0,515.0,98.0,126032,121247,247279,14746,14498,29244,140778,135745,276523,145.7781,-16.9186
862,cairns,Jun-10,2010,6,766.0,128.0,720.0,172.0,138996,129471,268467,17905,18512,36417,156901,147983,304884,145.7781,-16.9186
863,cairns,Jun-11,2011,6,779.74,154.26,720.3,210.7,146939,138109,285048,19085,18693,37778,166024,156802,322826,145.7781,-16.9186
864,cairns,Jun-12,2012,6,804.0,148.0,737.0,214.0,154180,144376,298556,18641,19582,38223,172821,163958,336779,145.7781,-16.9186
865,cairns,Jun-13,2013,6,811.0,229.0,828.0,209.0,165711,152438,318149,16920,18395,35315,182631,170833,353464,145.7781,-16.9186
866,cairns,Jun-14,2014,6,631.0,207.0,638.0,198.0,157186,146090,303276,15273,16675,31948,172459,162765,335224,145.7781,-16.9186
867,cairns,Jun-15,2015,6,695.0,163.0,732.0,126.0,166490,152862,319352,17394,19542,36936,183884,172404,356288,145.7781,-16.9186
868,cairns,Jun-16,2016,6,927.0,159.0,938.0,150.0,177835,162796,340631,20267,23078,43345,198102,185874,383976,145.7781,-16.9186
869,cairns,Jun-17,2017,6,862.0,169.0,866.0,162.0,173798,161089,334887,22086,24497,46583,195884,185586,381470,145.7781,-16.9186
870,cairns,Jun-18,2018,6,806.0,185.0,788.0,208.0,172358,162744,335102,22089,23370,45459,194447,186114,380561,145.7781,-16.9186
871,cairns,Jun-19,2019,6,775.0,205.0,753.0,224.0,165242,156860,322102,22586,22671,45257,187828,179531,367359,145.7781,-16.9186
872,cairns,Jun-20,2020,6,89.0,14.0,95.0,9.0,13751,12639,26390,102,144,246,13853,12783,26636,145.7781,-16.9186
873,cairns,Jun-21,2021,6,643.0,165.0,643.0,166.0,136235,124787,261022,283,275,558,136518,125062,261580,145.7781,-16.9186
874,cairns,Jun-22,2022,6,531.0,409.0,536.0,406.0,181033,165059,346092,4037,5344,9381,185070,170403,355473,145.7781,-16.9186
875,cairns,Jun-23,2023,6,592.0,329.0,612.0,316.0,177738,166490,344228,18226,18794,37020,195964,185284,381248,145.7781,-16.9186
876,cairns,Mar-04,2004,3,478.0,40.0,473.0,47.0,89539,90388,179927,33226,32978,66204,122765,123366,246131,145.7781,-16.9186
877,cairns,Mar-05,2005,3,549.0,87.0,362.0,58.0,109542,107989,217531,38099,38431,76530,147641,146420,294061,145.7781,-16.9186
878,cairns,Mar-06,2006,3,583.0,42.0,577.0,49.0,103418,103831,207249,35895,36073,71968,139313,139904,279217,145.7781,-16.9186
879,cairns,Mar-07,2007,3,626.0,61.0,602.0,83.0,114595,113666,228261,30931,31172,62103,145526,144838,290364,145.7781,-16.9186
880,cairns,Mar-08,2008,3,640.0,91.0,582.0,151.0,121225,121503,242728,27253,26655,53908,148478,148158,296636,145.7781,-16.9186
881,cairns,Mar-09,2009,3,616.0,56.0,609.0,64.0,118938,118160,237098,18198,17539,35737,137136,135699,272835,145.7781,-16.9186
882,cairns,Mar-10,2010,3,751.0,92.0,730.0,114.0,117633,114623,232256,18641,18119,36760,136274,132742,269016,145.7781,-16.9186
883,cairns,Mar-11,2011,3,766.0,135.0,719.0,184.0,120947,121066,242013,19990,19163,39153,140937,140229,281166,145.7781,-16.9186
884,cairns,Mar-12,2012,3,775.0,154.0,703.0,231.0,129302,127120,256422,20417,20853,41270,149719,147973,297692,145.7781,-16.9186
885,cairns,Mar-13,2013,3,782.0,173.0,789.0,166.0,133590,128582,262172,21533,21190,42723,155123,149772,304895,145.7781,-16.9186
886,cairns,Mar-14,2014,3,601.0,124.0,589.0,134.0,135222,137603,272825,19065,18792,37857,154287,156395,310682,145.7781,-16.9186
887,cairns,Mar-15,2015,3,741.0,69.0,748.0,64.0,142490,140180,282670,19341,21334,40675,161831,161514,323345,145.7781,-16.9186
888,cairns,Mar-16,2016,3,953.0,119.0,945.0,128.0,161725,158261,319986,26429,29816,56245,188154,188077,376231,145.7781,-16.9186
889,cairns,Mar-17,2017,3,835.0,188.0,853.0,173.0,159059,158396,317455,27174,30646,57820,186233,189042,375275,145.7781,-16.9186
890,cairns,Mar-18,2018,3,790.0,184.0,817.0,159.0,166498,160548,327046,28706,30677,59383,195204,191225,386429,145.7781,-16.9186
891,cairns,Mar-19,2019,3,764.0,168.0,735.0,194.0,148353,148820,297173,27643,27018,54661,175996,175838,351834,145.7781,-16.9186
892,cairns,Mar-20,2020,3,598.0,88.0,586.0,96.0,87371,93860,181231,10976,10079,21055,98347,103939,202286,145.7781,-16.9186
893,cairns,Mar-21,2021,3,544.0,77.0,521.0,101.0,96171,89306,185477,171,47,218,96342,89353,185695,145.7781,-16.9186
894,cairns,Mar-22,2022,3,573.0,162.0,534.0,200.0,112705,109426,222131,107,250,357,112812,109676,222488,145.7781,-16.9186
895,cairns,Mar-23,2023,3,585.0,230.0,604.0,210.0,142578,139756,282334,15864,17120,32984,158442,156876,315318,145.7781,-16.9186
896,cairns,May-04,2004,5,554.0,44.0,548.0,53.0,101940,101511,203451,32391,33545,65936,134331,135056,269387,145.7781,-16.9186
897,cairns,May-05,2005,5,547.0,88.0,488.0,119.0,108763,108002,216765,28700,33264,61964,137463,141266,278729,145.7781,-16.9186
898,cairns,May-06,2006,5,625.0,74.0,555.0,86.0,111451,111521,222972,28134,30388,58522,139585,141909,281494,145.7781,-16.9186
899,cairns,May-07,2007,5,631.0,66.0,594.0,103.0,119278,116025,235303,23019,25929,48948,142297,141954,284251,145.7781,-16.9186
900,cairns,May-08,2008,5,648.0,117.0,612.0,153.0,123664,121531,245195,22058,22571,44629,145722,144102,289824,145.7781,-16.9186
901,cairns,May-09,2009,5,554.0,73.0,555.0,71.0,120353,121254,241607,14333,15001,29334,134686,136255,270941,145.7781,-16.9186
902,cairns,May-10,2010,5,831.0,82.0,787.0,125.0,120298,118481,238779,16586,18067,34653,136884,136548,273432,145.7781,-16.9186
903,cairns,May-11,2011,5,812.0,130.0,794.0,148.0,130729,130933,261662,17356,18504,35860,148085,149437,297522,145.7781,-16.9186
904,cairns,May-12,2012,5,823.0,160.0,750.0,229.0,137338,134226,271564,17032,18281,35313,154370,152507,306877,145.7781,-16.9186
905,cairns,May-13,2013,5,881.0,137.0,882.0,138.0,136268,134823,271091,15953,17390,33343,152221,152213,304434,145.7781,-16.9186
906,cairns,May-14,2014,5,681.0,117.0,683.0,116.0,140494,140629,281123,13715,15252,28967,154209,155881,310090,145.7781,-16.9186
907,cairns,May-15,2015,5,709.0,105.0,716.0,98.0,145872,144667,290539,17628,19137,36765,163500,163804,327304,145.7781,-16.9186
908,cairns,May-16,2016,5,946.0,89.0,944.0,89.0,153667,154045,307712,18986,22772,41758,172653,176817,349470,145.7781,-16.9186
909,cairns,May-17,2017,5,869.0,143.0,861.0,148.0,155382,157929,313311,19798,24128,43926,175180,182057,357237,145.7781,-16.9186
910,cairns,May-18,2018,5,828.0,147.0,843.0,129.0,160164,161252,321416,20491,23509,44000,180655,184761,365416,145.7781,-16.9186
911,cairns,May-19,2019,5,833.0,154.0,832.0,159.0,155803,156734,312537,21257,24427,45684,177060,181161,358221,145.7781,-16.9186
912,cairns,May-20,2020,5,51.0,7.0,54.0,5.0,4457,4324,8781,37,55,92,4494,4379,8873,145.7781,-16.9186
913,cairns,May-21,2021,5,715.0,112.0,696.0,131.0,138197,136872,275069,0,0,0,138197,136872,275069,145.7781,-16.9186
914,cairns,May-22,2022,5,606.0,308.0,610.0,308.0,152773,152054,304827,2277,3020,5297,155050,155074,310124,145.7781,-16.9186
915,cairns,May-23,2023,5,566.0,319.0,625.0,260.0,158107,158050,316157,16952,18037,34989,175059,176087,351146,145.7781,-16.9186
916,cairns,Nov-04,2004,11,586.0,56.0,567.0,76.0,104582,109183,213765,39793,39791,79584,144375,148974,293349,145.7781,-16.9186
917,cairns,Nov-05,2005,11,575.0,70.0,553.0,93.0,115642,118686,234328,38753,38455,77208,154395,157141,311536,145.7781,-16.9186
918,cairns,Nov-06,2006,11,589.0,86.0,577.0,99.0,128939,130771,259710,32947,32541,65488,161886,163312,325198,145.7781,-16.9186
919,cairns,Nov-07,2007,11,556.0,151.0,511.0,196.0,128781,130751,259532,30043,29487,59530,158824,160238,319062,145.7781,-16.9186
920,cairns,Nov-08,2008,11,588.0,111.0,584.0,116.0,128202,129691,257893,24266,24527,48793,152468,154218,306686,145.7781,-16.9186
921,cairns,Nov-09,2009,11,741.0,93.0,719.0,114.0,130274,131348,261622,16111,16589,32700,146385,147937,294322,145.7781,-16.9186
922,cairns,Nov-10,2010,11,750.0,189.0,681.0,251.0,137290,140552,277842,22274,22039,44313,159564,162591,322155,145.7781,-16.9186
923,cairns,Nov-11,2011,11,754.0,130.0,724.0,159.0,136771,140387,277158,19625,19528,39153,156396,159915,316311,145.7781,-16.9186
924,cairns,Nov-12,2012,11,813.0,152.0,815.0,152.0,151728,157888,309616,23103,23068,46171,174831,180956,355787,145.7781,-16.9186
925,cairns,Nov-13,2013,11,792.0,182.0,771.0,198.0,150984,155655,306639,17798,18220,36018,168782,173875,342657,145.7781,-16.9186
926,cairns,Nov-14,2014,11,657.0,117.0,669.0,106.0,154640,159052,313692,16906,17259,34165,171546,176311,347857,145.7781,-16.9186
927,cairns,Nov-15,2015,11,895.0,125.0,900.0,118.0,165109,167707,332816,21836,23067,44903,186945,190774,377719,145.7781,-16.9186
928,cairns,Nov-16,2016,11,868.0,155.0,865.0,156.0,171693,174915,346608,23821,26864,50685,195514,201779,397293,145.7781,-16.9186
929,cairns,Nov-17,2017,11,792.0,213.0,839.0,165.0,174737,176302,351039,24211,27170,51381,198948,203472,402420,145.7781,-16.9186
930,cairns,Nov-18,2018,11,737.0,218.0,757.0,199.0,169838,173124,342962,22546,22310,44856,192384,195434,387818,145.7781,-16.9186
931,cairns,Nov-19,2019,11,748.0,229.0,763.0,215.0,166611,170095,336706,21997,22149,44146,188608,192244,380852,145.7781,-16.9186
932,cairns,Nov-20,2020,11,343.0,44.0,353.0,31.0,61386,63214,124600,367,96,463,61753,63310,125063,145.7781,-16.9186
933,cairns,Nov-21,2021,11,510.0,49.0,498.0,62.0,76280,79303,155583,0,19,19,76280,79322,155602,145.7781,-16.9186
934,cairns,Nov-22,2022,11,607.0,236.0,630.0,214.0,149558,155164,304722,7692,9456,17148,157250,164620,321870,145.7781,-16.9186
935,cairns,Nov-23,2023,11,560.0,347.0,576.0,330.0,162243,165589,327832,24233,25047,49280,186476,190636,377112,145.7781,-16.9186
936,cairns,Oct-04,2004,10,572.0,96.0,550.0,119.0,118559,122517,241076,40935,37819,78754,159494,160336,319830,145.7781,-16.9186
937,cairns,Oct-05,2005,10,640.0,60.0,624.0,77.0,128731,134052,262783,38776,35016,73792,167507,169068,336575,145.7781,-16.9186
938,cairns,Oct-06,2006,10,644.0,71.0,656.0,60.0,141271,142201,283472,35112,31890,67002,176383,174091,350474,145.7781,-16.9186
939,cairns,Oct-07,2007,10,610.0,104.0,579.0,137.0,144025,145052,289077,32098,29828,61926,176123,174880,351003,145.7781,-16.9186
940,cairns,Oct-08,2008,10,636.0,138.0,626.0,148.0,146699,150828,297527,28320,24734,53054,175019,175562,350581,145.7781,-16.9186
941,cairns,Oct-09,2009,10,748.0,117.0,768.0,99.0,144382,145780,290162,18559,17194,35753,162941,162974,325915,145.7781,-16.9186
942,cairns,Oct-10,2010,10,824.0,152.0,802.0,176.0,155810,161684,317494,23636,21613,45249,179446,183297,362743,145.7781,-16.9186
943,cairns,Oct-11,2011,10,789.0,174.0,758.0,204.0,152406,159147,311553,23564,21727,45291,175970,180874,356844,145.7781,-16.9186
944,cairns,Oct-12,2012,10,933.0,174.0,897.0,210.0,166184,177593,343777,23142,20398,43540,189326,197991,387317,145.7781,-16.9186
945,cairns,Oct-13,2013,10,928.0,225.0,968.0,185.0,171668,182915,354583,22144,18929,41073,193812,201844,395656,145.7781,-16.9186
946,cairns,Oct-14,2014,10,804.0,125.0,835.0,92.0,175380,184351,359731,21715,18589,40304,197095,202940,400035,145.7781,-16.9186
947,cairns,Oct-15,2015,10,1004.0,143.0,1020.0,126.0,178571,187352,365923,25590,23096,48686,204161,210448,414609,145.7781,-16.9186
948,cairns,Oct-16,2016,10,1022.0,153.0,1022.0,150.0,190492,197416,387908,27703,26910,54613,218195,224326,442521,145.7781,-16.9186
949,cairns,Oct-17,2017,10,921.0,228.0,955.0,186.0,193857,204903,398760,27636,27173,54809,221493,232076,453569,145.7781,-16.9186
950,cairns,Oct-18,2018,10,935.0,188.0,949.0,170.0,191602,202568,394170,28446,26124,54570,220048,228692,448740,145.7781,-16.9186
951,cairns,Oct-19,2019,10,883.0,223.0,894.0,215.0,186674,198083,384757,29088,24945,54033,215762,223028,438790,145.7781,-16.9186
952,cairns,Oct-20,2020,10,377.0,39.0,369.0,48.0,64549,68830,133379,130,108,238,64679,68938,133617,145.7781,-16.9186
953,cairns,Oct-21,2021,10,538.0,40.0,543.0,37.0,80925,85901,166826,0,3,3,80925,85904,166829,145.7781,-16.9186
954,cairns,Oct-22,2022,10,778.0,244.0,798.0,224.0,179425,188390,367815,10261,8440,18701,189686,196830,386516,145.7781,-16.9186
955,cairns,Oct-23,2023,10,677.0,433.0,779.0,329.0,184789,195082,379871,27532,24665,52197,212321,219747,432068,145.7781,-16.9186
956,cairns,Sep-04,2004,9,571.0,88.0,531.0,128.0,118540,116277,234817,37392,35464,72856,155932,151741,307673,145.7781,-16.9186
957,cairns,Sep-05,2005,9,622.0,73.0,609.0,85.0,134205,132259,266464,38153,37265,75418,172358,169524,341882,145.7781,-16.9186
958,cairns,Sep-06,2006,9,597.0,111.0,621.0,87.0,139296,137101,276397,33115,33425,66540,172411,170526,342937,145.7781,-16.9186
959,cairns,Sep-07,2007,9,580.0,128.0,569.0,138.0,138720,134939,273659,28902,31021,59923,167622,165960,333582,145.7781,-16.9186
960,cairns,Sep-08,2008,9,645.0,143.0,644.0,145.0,143994,136825,280819,24527,26023,50550,168521,162848,331369,145.7781,-16.9186
961,cairns,Sep-09,2009,9,753.0,106.0,739.0,120.0,141266,135231,276497,18699,18824,37523,159965,154055,314020,145.7781,-16.9186
962,cairns,Sep-10,2010,9,727.0,202.0,712.0,221.0,155627,146363,301990,24691,24656,49347,180318,171019,351337,145.7781,-16.9186
963,cairns,Sep-11,2011,9,830.0,122.0,812.0,142.0,152813,144176,296989,23082,24708,47790,175895,168884,344779,145.7781,-16.9186
964,cairns,Sep-12,2012,9,935.0,126.0,898.0,167.0,162460,154247,316707,22772,24224,46996,185232,178471,363703,145.7781,-16.9186
965,cairns,Sep-13,2013,9,993.0,144.0,1013.0,121.0,174335,166530,340865,20101,21374,41475,194436,187904,382340,145.7781,-16.9186
966,cairns,Sep-14,2014,9,760.0,167.0,787.0,141.0,176654,165752,342406,19242,22088,41330,195896,187840,383736,145.7781,-16.9186
967,cairns,Sep-15,2015,9,1016.0,139.0,1033.0,128.0,180672,171210,351882,23846,26196,50042,204518,197406,401924,145.7781,-16.9186
968,cairns,Sep-16,2016,9,989.0,190.0,972.0,212.0,191670,182330,374000,27185,29632,56817,218855,211962,430817,145.7781,-16.9186
969,cairns,Sep-17,2017,9,916.0,222.0,974.0,158.0,192190,182477,374667,27687,28833,56520,219877,211310,431187,145.7781,-16.9186
970,cairns,Sep-18,2018,9,944.0,135.0,940.0,138.0,186993,181215,368208,26298,27264,53562,213291,208479,421770,145.7781,-16.9186
971,cairns,Sep-19,2019,9,870.0,188.0,890.0,172.0,179272,175399,354671,27488,27903,55391,206760,203302,410062,145.7781,-16.9186
972,cairns,Sep-20,2020,9,374.0,33.0,383.0,25.0,63478,61080,124558,94,68,162,63572,61148,124720,145.7781,-16.9186
973,cairns,Sep-21,2021,9,504.0,36.0,505.0,38.0,82306,78141,160447,0,0,0,82306,78141,160447,145.7781,-16.9186
974,cairns,Sep-22,2022,9,706.0,302.0,725.0,284.0,184671,178202,362873,7586,7664,15250,192257,185866,378123,145.7781,-16.9186
975,cairns,Sep-23,2023,9,790.0,279.0,822.0,249.0,191936,186040,377976,25026,28228,53254,216962,214268,431230,145.7781,-16.9186
976,canberra,Apr-04,2004,4,1332.0,133.0,1346.0,122.0,101440,103268,204708,0,0,0,101440,103268,204708,149.13,-35.2809
977,canberra,Apr-05,2005,4,604.0,89.0,575.0,92.0,107389,109707,217096,0,0,0,107389,109707,217096,149.13,-35.2809
978,canberra,Apr-06,2006,4,685.0,68.0,641.0,71.0,104397,104272,208669,0,0,0,104397,104272,208669,149.13,-35.2809
979,canberra,Apr-07,2007,4,698.0,38.0,671.0,41.0,109738,110927,220665,0,0,0,109738,110927,220665,149.13,-35.2809
980,canberra,Apr-08,2008,4,1443.0,236.0,1402.0,276.0,126119,126993,253112,0,0,0,126119,126993,253112,149.13,-35.2809
981,canberra,Apr-09,2009,4,1487.0,162.0,1458.0,194.0,131170,133295,264465,0,0,0,131170,133295,264465,149.13,-35.2809
982,canberra,Apr-10,2010,4,1457.0,120.0,1401.0,179.0,137603,139037,276640,0,0,0,137603,139037,276640,149.13,-35.2809
983,canberra,Apr-11,2011,4,1308.0,211.0,1282.0,238.0,133303,136882,270185,0,0,0,133303,136882,270185,149.13,-35.2809
984,canberra,Apr-12,2012,4,1293.0,252.0,1254.0,299.0,126610,127383,253993,0,0,0,126610,127383,253993,149.13,-35.2809
985,canberra,Apr-13,2013,4,1383.0,219.0,1373.0,232.0,124558,124378,248936,0,0,0,124558,124378,248936,149.13,-35.2809
986,canberra,Apr-14,2014,4,1334.0,234.0,1324.0,246.0,114029,115205,229234,0,0,0,114029,115205,229234,149.13,-35.2809
987,canberra,Apr-15,2015,4,1268.0,189.0,1233.0,227.0,114563,117067,231630,0,0,0,114563,117067,231630,149.13,-35.2809
988,canberra,Apr-16,2016,4,1358.0,143.0,1333.0,165.0,118371,122047,240418,0,0,0,118371,122047,240418,149.13,-35.2809
989,canberra,Apr-17,2017,4,1199.0,160.0,1204.0,155.0,118282,119097,237379,3961,3427,7388,122243,122524,244767,149.13,-35.2809
990,canberra,Apr-18,2018,4,1216.0,156.0,1173.0,197.0,128524,128730,257254,4859,4717,9576,133383,133447,266830,149.13,-35.2809
991,canberra,Apr-19,2019,4,1254.0,204.0,1219.0,246.0,127461,127899,255360,2811,4239,7050,130272,132138,262410,149.13,-35.2809
992,canberra,Apr-20,2020,4,102.0,8.0,101.0,7.0,2044,2334,4378,0,0,0,2044,2334,4378,149.13,-35.2809
993,canberra,Apr-21,2021,4,625.0,144.0,635.0,136.0,73731,73864,147595,0,0,0,73731,73864,147595,149.13,-35.2809
994,canberra,Apr-22,2022,4,1003.0,440.0,955.0,492.0,104174,106801,210975,0,0,0,104174,106801,210975,149.13,-35.2809
995,canberra,Apr-23,2023,4,1110.0,355.0,1132.0,337.0,110403,108661,219064,105,72,177,110508,108733,219241,149.13,-35.2809
996,canberra,Aug-04,2004,8,1393.0,167.0,1368.0,191.0,110835,110076,220911,415,392,807,111250,110468,221718,149.13,-35.2809
997,canberra,Aug-05,2005,8,664.0,76.0,642.0,71.0,109530,110542,220072,0,0,0,109530,110542,220072,149.13,-35.2809
998,canberra,Aug-06,2006,8,749.0,52.0,724.0,54.0,115399,115974,231373,0,0,0,115399,115974,231373,149.13,-35.2809
999,canberra,Aug-07,2007,8,724.0,87.0,687.0,98.0,124371,125501,249872,0,0,0,124371,125501,249872,149.13,-35.2809
1000,canberra,Aug-08,2008,8,1395.0,345.0,1348.0,394.0,129650,129179,258829,0,0,0,129650,129179,258829,149.13,-35.2809
1001,canberra,Aug-09,2009,8,1542.0,135.0,1493.0,188.0,140898,139037,279935,0,0,0,140898,139037,279935,149.13,-35.2809
1002,canberra,Aug-10,2010,8,1332.0,169.0,1283.0,224.0,138899,135985,274884,0,0,0,138899,135985,274884,149.13,-35.2809
1003,canberra,Aug-11,2011,8,1411.0,202.0,1355.0,261.0,143160,139888,283048,0,0,0,143160,139888,283048,149.13,-35.2809
1004,canberra,Aug-12,2012,8,1394.0,235.0,1360.0,270.0,131733,133657,265390,0,0,0,131733,133657,265390,149.13,-35.2809
1005,canberra,Aug-13,2013,8,1419.0,229.0,1402.0,248.0,126778,127395,254173,0,0,0,126778,127395,254173,149.13,-35.2809
1006,canberra,Aug-14,2014,8,1410.0,229.0,1437.0,203.0,120988,120574,241562,0,0,0,120988,120574,241562,149.13,-35.2809
1007,canberra,Aug-15,2015,8,1364.0,167.0,1338.0,193.0,121935,119718,241653,0,0,0,121935,119718,241653,149.13,-35.2809
1008,canberra,Aug-16,2016,8,1436.0,149.0,1421.0,165.0,126885,123817,250702,0,0,0,126885,123817,250702,149.13,-35.2809
1009,canberra,Aug-17,2017,8,1342.0,238.0,1304.0,277.0,131056,131328,262384,3477,3076,6553,134533,134404,268937,149.13,-35.2809
1010,canberra,Aug-18,2018,8,1343.0,254.0,1313.0,287.0,140734,141717,282451,3593,4245,7838,144327,145962,290289,149.13,-35.2809
1011,canberra,Aug-19,2019,8,1232.0,317.0,1207.0,350.0,138130,139859,277989,3174,4067,7241,141304,143926,285230,149.13,-35.2809
1012,canberra,Aug-20,2020,8,66.0,12.0,69.0,9.0,7072,6437,13509,0,0,0,7072,6437,13509,149.13,-35.2809
1013,canberra,Aug-21,2021,8,128.0,6.0,123.0,9.0,7057,5713,12770,0,0,0,7057,5713,12770,149.13,-35.2809
1014,canberra,Aug-22,2022,8,1054.0,407.0,1076.0,392.0,111703,109761,221464,0,0,0,111703,109761,221464,149.13,-35.2809
1015,canberra,Aug-23,2023,8,1151.0,465.0,1171.0,448.0,119065,120265,239330,802,874,1676,119867,121139,241006,149.13,-35.2809
1016,canberra,Dec-04,2004,12,1107.0,222.0,1105.0,226.0,94416,99630,194046,0,0,0,94416,99630,194046,149.13,-35.2809
1017,canberra,Dec-05,2005,12,560.0,94.0,535.0,90.0,98489,102330,200819,0,0,0,98489,102330,200819,149.13,-35.2809
1018,canberra,Dec-06,2006,12,627.0,75.0,592.0,84.0,101840,106873,208713,0,0,0,101840,106873,208713,149.13,-35.2809
1019,canberra,Dec-07,2007,12,633.0,125.0,573.0,158.0,104280,109403,213683,0,0,0,104280,109403,213683,149.13,-35.2809
1020,canberra,Dec-08,2008,12,1270.0,256.0,1204.0,322.0,117031,123896,240927,0,0,0,117031,123896,240927,149.13,-35.2809
1021,canberra,Dec-09,2009,12,1380.0,140.0,1361.0,160.0,124879,132273,257152,0,0,0,124879,132273,257152,149.13,-35.2809
1022,canberra,Dec-10,2010,12,1151.0,325.0,1131.0,339.0,127064,136664,263728,0,0,0,127064,136664,263728,149.13,-35.2809
1023,canberra,Dec-11,2011,12,1272.0,225.0,1238.0,259.0,121309,130966,252275,0,0,0,121309,130966,252275,149.13,-35.2809
1024,canberra,Dec-12,2012,12,1230.0,204.0,1162.0,276.0,113399,120717,234116,0,0,0,113399,120717,234116,149.13,-35.2809
1025,canberra,Dec-13,2013,12,1311.0,221.0,1309.0,223.0,112159,117843,230002,0,0,0,112159,117843,230002,149.13,-35.2809
1026,canberra,Dec-14,2014,12,1253.0,236.0,1253.0,240.0,108108,115048,223156,0,0,0,108108,115048,223156,149.13,-35.2809
1027,canberra,Dec-15,2015,12,1197.0,150.0,1194.0,147.0,107340,116006,223346,0,0,0,107340,116006,223346,149.13,-35.2809
1028,canberra,Dec-16,2016,12,1130.0,213.0,1099.0,242.0,113363,124710,238073,2743,4161,6904,116106,128871,244977,149.13,-35.2809
1029,canberra,Dec-17,2017,12,1109.0,235.0,1060.0,284.0,117225,128234,245459,3747,5094,8841,120972,133328,254300,149.13,-35.2809
1030,canberra,Dec-18,2018,12,1027.0,300.0,1018.0,309.0,115000,123327,238327,2230,4649,6879,117230,127976,245206,149.13,-35.2809
1031,canberra,Dec-19,2019,12,1082.0,273.0,1042.0,314.0,120748,130031,250779,2478,4447,6925,123226,134478,257704,149.13,-35.2809
1032,canberra,Dec-20,2020,12,304.0,82.0,331.0,56.0,51306,61312,112618,0,0,0,51306,61312,112618,149.13,-35.2809
1033,canberra,Dec-21,2021,12,641.0,126.0,657.0,116.0,53095,64004,117099,0,0,0,53095,64004,117099,149.13,-35.2809
1034,canberra,Dec-22,2022,12,1041.0,338.0,1095.0,286.0,103818,116268,220086,0,0,0,103818,116268,220086,149.13,-35.2809
1035,canberra,Feb-04,2004,2,1290.0,110.0,1267.0,134.0,93694,91658,185352,0,0,0,93694,91658,185352,149.13,-35.2809
1036,canberra,Feb-05,2005,2,588.0,70.0,539.0,94.0,94425,93255,187680,0,0,0,94425,93255,187680,149.13,-35.2809
1037,canberra,Feb-06,2006,2,621.0,39.0,586.0,52.0,97431,95280,192711,0,0,0,97431,95280,192711,149.13,-35.2809
1038,canberra,Feb-07,2007,2,664.0,52.0,621.0,70.0,103685,101970,205655,0,0,0,103685,101970,205655,149.13,-35.2809
1039,canberra,Feb-08,2008,2,1177.0,299.0,1092.0,388.0,116050,114119,230169,0,0,0,116050,114119,230169,149.13,-35.2809
1040,canberra,Feb-09,2009,2,1376.0,180.0,1331.0,227.0,116663,113554,230217,0,0,0,116663,113554,230217,149.13,-35.2809
1041,canberra,Feb-10,2010,2,1351.0,147.0,1321.0,181.0,127933,125520,253453,0,0,0,127933,125520,253453,149.13,-35.2809
1042,canberra,Feb-11,2011,2,1189.0,280.0,1155.0,316.0,123300,118760,242060,0,0,0,123300,118760,242060,149.13,-35.2809
1043,canberra,Feb-12,2012,2,1320.0,223.0,1256.0,295.0,121419,116842,238261,0,0,0,121419,116842,238261,149.13,-35.2809
1044,canberra,Feb-13,2013,2,1229.0,284.0,1206.0,310.0,113732,110963,224695,0,0,0,113732,110963,224695,149.13,-35.2809
1045,canberra,Feb-14,2014,2,1354.0,145.0,1343.0,160.0,106417,102807,209224,0,0,0,106417,102807,209224,149.13,-35.2809
1046,canberra,Feb-15,2015,2,1358.0,103.0,1327.0,141.0,104237,100964,205201,0,0,0,104237,100964,205201,149.13,-35.2809
1047,canberra,Feb-16,2016,2,1394.0,101.0,1374.0,122.0,113441,110029,223470,0,0,0,113441,110029,223470,149.13,-35.2809
1048,canberra,Feb-17,2017,2,1251.0,163.0,1249.0,168.0,114565,110886,225451,3255,2652,5907,117820,113538,231358,149.13,-35.2809
1049,canberra,Feb-18,2018,2,1268.0,134.0,1262.0,143.0,119614,114799,234413,3841,3174,7015,123455,117973,241428,149.13,-35.2809
1050,canberra,Feb-19,2019,2,1252.0,159.0,1207.0,209.0,120670,118342,239012,2839,2678,5517,123509,121020,244529,149.13,-35.2809
1051,canberra,Feb-20,2020,2,1152.0,257.0,1127.0,288.0,121940,117645,239585,2265,2279,4544,124205,119924,244129,149.13,-35.2809
1052,canberra,Feb-21,2021,2,389.0,32.0,391.0,31.0,46159,46671,92830,0,0,0,46159,46671,92830,149.13,-35.2809
1053,canberra,Feb-22,2022,2,647.0,120.0,634.0,138.0,56774,56165,112939,0,0,0,56774,56165,112939,149.13,-35.2809
1054,canberra,Feb-23,2023,2,1107.0,273.0,1118.0,266.0,100579,98249,198828,0,0,0,100579,98249,198828,149.13,-35.2809
1055,canberra,Jan-04,2004,1,1093.0,91.0,1070.0,118.0,77334,74318,151652,0,0,0,77334,74318,151652,149.13,-35.2809
1056,canberra,Jan-05,2005,1,568.0,53.0,538.0,56.0,83981,77819,161800,0,0,0,83981,77819,161800,149.13,-35.2809
1057,canberra,Jan-06,2006,1,537.0,73.0,517.0,69.0,87151,82452,169603,0,0,0,87151,82452,169603,149.13,-35.2809
1058,canberra,Jan-07,2007,1,598.0,40.0,555.0,55.0,91283,86949,178232,0,0,0,91283,86949,178232,149.13,-35.2809
1059,canberra,Jan-08,2008,1,608.0,90.0,546.0,126.0,96633,90791,187424,0,0,0,96633,90791,187424,149.13,-35.2809
1060,canberra,Jan-09,2009,1,1347.0,97.0,1287.0,159.0,108207,101081,209288,0,0,0,108207,101081,209288,149.13,-35.2809
1061,canberra,Jan-10,2010,1,1276.0,105.0,1238.0,149.0,115316,108511,223827,0,0,0,115316,108511,223827,149.13,-35.2809
1062,canberra,Jan-11,2011,1,1189.0,145.0,1139.0,199.0,112590,103009,215599,0,0,0,112590,103009,215599,149.13,-35.2809
1063,canberra,Jan-12,2012,1,1147.0,168.0,1110.0,209.0,109033,99199,208232,0,0,0,109033,99199,208232,149.13,-35.2809
1064,canberra,Jan-13,2013,1,1133.0,224.0,1099.0,261.0,103477,94142,197619,0,0,0,103477,94142,197619,149.13,-35.2809
1065,canberra,Jan-14,2014,1,1213.0,138.0,1225.0,126.0,97433,90215,187648,0,0,0,97433,90215,187648,149.13,-35.2809
1066,canberra,Jan-15,2015,1,1182.0,115.0,1158.0,139.0,94689,86462,181151,0,0,0,94689,86462,181151,149.13,-35.2809
1067,canberra,Jan-16,2016,1,1042.0,137.0,1010.0,174.0,95222,85827,181049,0,0,0,95222,85827,181049,149.13,-35.2809
1068,canberra,Jan-17,2017,1,1044.0,97.0,1025.0,126.0,101509,90217,191726,4665,3403,8068,106174,93620,199794,149.13,-35.2809
1069,canberra,Jan-18,2018,1,1032.0,128.0,998.0,167.0,104856,94239,199095,5278,3714,8992,110134,97953,208087,149.13,-35.2809
1070,canberra,Jan-19,2019,1,1019.0,162.0,1017.0,173.0,106793,94755,201548,3290,3445,6735,110083,98200,208283,149.13,-35.2809
1071,canberra,Jan-20,2020,1,843.0,272.0,812.0,302.0,107782,97761,205543,2617,3087,5704,110399,100848,211247,149.13,-35.2809
1072,canberra,Jan-21,2021,1,369.0,52.0,378.0,44.0,52681,44013,96694,0,0,0,52681,44013,96694,149.13,-35.2809
1073,canberra,Jan-22,2022,1,552.0,78.0,521.0,109.0,54401,45340,99741,0,0,0,54401,45340,99741,149.13,-35.2809
1074,canberra,Jan-23,2023,1,990.0,240.0,992.0,245.0,98797,86077,184874,0,0,0,98797,86077,184874,149.13,-35.2809
1075,canberra,Jul-04,2004,7,1334.0,204.0,1337.0,201.0,108796,107320,216116,379,417,796,109175,107737,216912,149.13,-35.2809
1076,canberra,Jul-05,2005,7,613.0,100.0,593.0,86.0,110450,108778,219228,0,0,0,110450,108778,219228,149.13,-35.2809
1077,canberra,Jul-06,2006,7,637.0,141.0,629.0,126.0,112025,109665,221690,0,0,0,112025,109665,221690,149.13,-35.2809
1078,canberra,Jul-07,2007,7,614.0,152.0,582.0,158.0,120145,118282,238427,0,0,0,120145,118282,238427,149.13,-35.2809
1079,canberra,Jul-08,2008,7,1354.0,380.0,1318.0,418.0,129031,128425,257456,0,0,0,129031,128425,257456,149.13,-35.2809
1080,canberra,Jul-09,2009,7,1519.0,178.0,1468.0,230.0,135477,134669,270146,0,0,0,135477,134669,270146,149.13,-35.2809
1081,canberra,Jul-10,2010,7,1328.0,263.0,1283.0,308.0,140048,140533,280581,0,0,0,140048,140533,280581,149.13,-35.2809
1082,canberra,Jul-11,2011,7,1303.0,295.0,1229.0,371.0,141140,139594,280734,0,0,0,141140,139594,280734,149.13,-35.2809
1083,canberra,Jul-12,2012,7,1266.0,302.0,1234.0,358.0,131577,128069,259646,0,0,0,131577,128069,259646,149.13,-35.2809
1084,canberra,Jul-13,2013,7,1354.0,312.0,1337.0,335.0,128750,126930,255680,0,0,0,128750,126930,255680,149.13,-35.2809
1085,canberra,Jul-14,2014,7,1373.0,275.0,1347.0,309.0,122917,121468,244385,0,0,0,122917,121468,244385,149.13,-35.2809
1086,canberra,Jul-15,2015,7,1254.0,293.0,1261.0,288.0,123396,123872,247268,0,0,0,123396,123872,247268,149.13,-35.2809
1087,canberra,Jul-16,2016,7,1230.0,273.0,1185.0,319.0,124246,122447,246693,0,0,0,124246,122447,246693,149.13,-35.2809
1088,canberra,Jul-17,2017,7,1306.0,242.0,1284.0,267.0,131376,127611,258987,3918,2969,6887,135294,130580,265874,149.13,-35.2809
1089,canberra,Jul-18,2018,7,1256.0,301.0,1206.0,351.0,141914,138351,280265,4197,4585,8782,146111,142936,289047,149.13,-35.2809
1090,canberra,Jul-19,2019,7,1233.0,332.0,1166.0,401.0,140844,137122,277966,4168,4227,8395,145012,141349,286361,149.13,-35.2809
1091,canberra,Jul-20,2020,7,86.0,20.0,98.0,8.0,10723,11907,22630,0,0,0,10723,11907,22630,149.13,-35.2809
1092,canberra,Jul-21,2021,7,371.0,53.0,376.0,46.0,35607,33190,68797,0,0,0,35607,33190,68797,149.13,-35.2809
1093,canberra,Jul-22,2022,7,782.0,614.0,836.0,559.0,121068,119187,240255,0,0,0,121068,119187,240255,149.13,-35.2809
1094,canberra,Jul-23,2023,7,1046.0,501.0,1090.0,468.0,121023,116196,237219,318,203,521,121341,116399,237740,149.13,-35.2809
1095,canberra,Jun-04,2004,6,1394.0,102.0,1371.0,129.0,100652,101525,202177,0,0,0,100652,101525,202177,149.13,-35.2809
1096,canberra,Jun-05,2005,6,599.0,112.0,553.0,129.0,104633,106678,211311,0,0,0,104633,106678,211311,149.13,-35.2809
1097,canberra,Jun-06,2006,6,622.0,140.0,611.0,123.0,107165,107880,215045,0,0,0,107165,107880,215045,149.13,-35.2809
1098,canberra,Jun-07,2007,6,654.0,101.0,608.0,122.0,112317,113155,225472,0,0,0,112317,113155,225472,149.13,-35.2809
1099,canberra,Jun-08,2008,6,1396.0,283.0,1358.0,329.0,124514,122471,246985,0,0,0,124514,122471,246985,149.13,-35.2809
1100,canberra,Jun-09,2009,6,1473.0,195.0,1411.0,268.0,129877,128886,258763,0,0,0,129877,128886,258763,149.13,-35.2809
1101,canberra,Jun-10,2010,6,1357.0,210.0,1289.0,278.0,138443,138293,276736,0,0,0,138443,138293,276736,149.13,-35.2809
1102,canberra,Jun-11,2011,6,1232.04,234.96,1224.04,242.96,127137,129848,256985,0,0,0,127137,129848,256985,149.13,-35.2809
1103,canberra,Jun-12,2012,6,1199.0,248.0,1153.0,301.0,125070,126912,251982,0,0,0,125070,126912,251982,149.13,-35.2809
1104,canberra,Jun-13,2013,6,1277.0,315.0,1299.0,298.0,126482,126045,252527,0,0,0,126482,126045,252527,149.13,-35.2809
1105,canberra,Jun-14,2014,6,1276.0,300.0,1258.0,326.0,118607,117421,236028,0,0,0,118607,117421,236028,149.13,-35.2809
1106,canberra,Jun-15,2015,6,1332.0,172.0,1346.0,158.0,118741,118659,237400,0,0,0,118741,118659,237400,149.13,-35.2809
1107,canberra,Jun-16,2016,6,1213.0,202.0,1216.0,199.0,116467,119291,235758,0,0,0,116467,119291,235758,149.13,-35.2809
1108,canberra,Jun-17,2017,6,1204.0,237.0,1206.0,241.0,123485,128500,251985,3031,3727,6758,126516,132227,258743,149.13,-35.2809
1109,canberra,Jun-18,2018,6,1207.0,249.0,1195.0,261.0,127237,129749,256986,3422,4773,8195,130659,134522,265181,149.13,-35.2809
1110,canberra,Jun-19,2019,6,1159.0,289.0,1140.0,316.0,125376,126024,251400,3333,4545,7878,128709,130569,259278,149.13,-35.2809
1111,canberra,Jun-20,2020,6,85.0,13.0,90.0,7.0,6861,6484,13345,0,0,0,6861,6484,13345,149.13,-35.2809
1112,canberra,Jun-21,2021,6,728.0,136.0,736.0,132.0,67280,69125,136405,0,0,0,67280,69125,136405,149.13,-35.2809
1113,canberra,Jun-22,2022,6,907.0,500.0,891.0,518.0,108136,110827,218963,0,0,0,108136,110827,218963,149.13,-35.2809
1114,canberra,Jun-23,2023,6,1149.0,402.0,1158.0,394.0,111779,116283,228062,0,0,0,111779,116283,228062,149.13,-35.2809
1115,canberra,Mar-04,2004,3,1468.0,92.0,1455.0,104.0,109841,110172,220013,0,0,0,109841,110172,220013,149.13,-35.2809
1116,canberra,Mar-05,2005,3,655.0,80.0,628.0,73.0,109737,110332,220069,0,0,0,109737,110332,220069,149.13,-35.2809
1117,canberra,Mar-06,2006,3,688.0,70.0,664.0,62.0,112270,115553,227823,0,0,0,112270,115553,227823,149.13,-35.2809
1118,canberra,Mar-07,2007,3,713.0,79.0,680.0,87.0,122482,124998,247480,0,0,0,122482,124998,247480,149.13,-35.2809
1119,canberra,Mar-08,2008,3,1424.0,202.0,1348.0,279.0,128087,128062,256149,0,0,0,128087,128062,256149,149.13,-35.2809
1120,canberra,Mar-09,2009,3,1568.0,167.0,1514.0,223.0,140251,140587,280838,0,0,0,140251,140587,280838,149.13,-35.2809
1121,canberra,Mar-10,2010,3,1479.0,193.0,1441.0,232.0,159259,158643,317902,0,0,0,159259,158643,317902,149.13,-35.2809
1122,canberra,Mar-11,2011,3,1410.0,253.0,1365.0,298.0,147553,148135,295688,0,0,0,147553,148135,295688,149.13,-35.2809
1123,canberra,Mar-12,2012,3,1268.0,355.0,1236.0,401.0,141394,144121,285515,0,0,0,141394,144121,285515,149.13,-35.2809
1124,canberra,Mar-13,2013,3,1333.0,322.0,1303.0,351.0,134918,136345,271263,0,0,0,134918,136345,271263,149.13,-35.2809
1125,canberra,Mar-14,2014,3,1378.0,258.0,1361.0,284.0,124681,125533,250214,0,0,0,124681,125533,250214,149.13,-35.2809
1126,canberra,Mar-15,2015,3,1450.0,146.0,1434.0,168.0,126132,125655,251787,0,0,0,126132,125655,251787,149.13,-35.2809
1127,canberra,Mar-16,2016,3,1309.0,218.0,1296.0,227.0,125542,126699,252241,0,0,0,125542,126699,252241,149.13,-35.2809
1128,canberra,Mar-17,2017,3,1276.0,279.0,1271.0,283.0,135406,138246,273652,3369,3140,6509,138775,141386,280161,149.13,-35.2809
1129,canberra,Mar-18,2018,3,1355.0,190.0,1348.0,201.0,138912,143798,282710,3975,3737,7712,142887,147535,290422,149.13,-35.2809
1130,canberra,Mar-19,2019,3,1281.0,251.0,1226.0,314.0,135197,135475,270672,2592,3492,6084,137789,138967,276756,149.13,-35.2809
1131,canberra,Mar-20,2020,3,1013.0,119.0,985.0,149.0,77060,74706,151766,1471,1174,2645,78531,75880,154411,149.13,-35.2809
1132,canberra,Mar-21,2021,3,417.0,67.0,423.0,63.0,65604,66221,131825,137,0,137,65741,66221,131962,149.13,-35.2809
1133,canberra,Mar-22,2022,3,879.0,248.0,841.0,283.0,88227,88613,176840,0,0,0,88227,88613,176840,149.13,-35.2809
1134,canberra,Mar-23,2023,3,1191.0,373.0,1207.0,364.0,120774,122673,243447,0,0,0,120774,122673,243447,149.13,-35.2809
1135,canberra,May-04,2004,5,1438.0,103.0,1431.0,114.0,103031,103688,206719,0,0,0,103031,103688,206719,149.13,-35.2809
1136,canberra,May-05,2005,5,646.0,79.0,628.0,72.0,106937,107974,214911,0,0,0,106937,107974,214911,149.13,-35.2809
1137,canberra,May-06,2006,5,760.0,74.0,692.0,83.0,111771,112621,224392,0,0,0,111771,112621,224392,149.13,-35.2809
1138,canberra,May-07,2007,5,748.0,46.0,711.0,52.0,116760,118636,235396,0,0,0,116760,118636,235396,149.13,-35.2809
1139,canberra,May-08,2008,5,1556.0,206.0,1505.0,250.0,128090,129576,257666,0,0,0,128090,129576,257666,149.13,-35.2809
1140,canberra,May-09,2009,5,1583.0,149.0,1548.0,187.0,133275,133030,266305,0,0,0,133275,133030,266305,149.13,-35.2809
1141,canberra,May-10,2010,5,1434.0,178.0,1383.0,234.0,135630,135664,271294,0,0,0,135630,135664,271294,149.13,-35.2809
1142,canberra,May-11,2011,5,1391.0,206.0,1393.0,213.0,139177,136996,276173,0,0,0,139177,136996,276173,149.13,-35.2809
1143,canberra,May-12,2012,5,1376.0,214.0,1323.0,270.0,133853,135314,269167,0,0,0,133853,135314,269167,149.13,-35.2809
1144,canberra,May-13,2013,5,1465.0,243.0,1453.0,255.0,129017,131160,260177,0,0,0,129017,131160,260177,149.13,-35.2809
1145,canberra,May-14,2014,5,1454.0,193.0,1454.0,199.0,120764,123275,244039,0,0,0,120764,123275,244039,149.13,-35.2809
1146,canberra,May-15,2015,5,1347.0,199.0,1352.0,199.0,120603,121584,242187,0,0,0,120603,121584,242187,149.13,-35.2809
1147,canberra,May-16,2016,5,1376.0,164.0,1332.0,215.0,121205,120895,242100,0,0,0,121205,120895,242100,149.13,-35.2809
1148,canberra,May-17,2017,5,1394.0,149.0,1388.0,153.0,128920,129619,258539,2794,2737,5531,131714,132356,264070,149.13,-35.2809
1149,canberra,May-18,2018,5,1400.0,163.0,1378.0,187.0,135746,136978,272724,2930,4225,7155,138676,141203,279879,149.13,-35.2809
1150,canberra,May-19,2019,5,1297.0,253.0,1264.0,298.0,130101,132847,262948,2984,4365,7349,133085,137212,270297,149.13,-35.2809
1151,canberra,May-20,2020,5,33.0,2.0,34.0,1.0,2891,2827,5718,0,0,0,2891,2827,5718,149.13,-35.2809
1152,canberra,May-21,2021,5,864.0,212.0,836.0,253.0,81032,82567,163599,0,0,0,81032,82567,163599,149.13,-35.2809
1153,canberra,May-22,2022,5,1185.0,418.0,1095.0,514.0,105704,106083,211787,0,0,0,105704,106083,211787,149.13,-35.2809
1154,canberra,May-23,2023,5,1191.0,452.0,1263.0,389.0,115035,115972,231007,0,0,0,115035,115972,231007,149.13,-35.2809
1155,canberra,Nov-04,2004,11,1382.0,119.0,1359.0,143.0,105418,104718,210136,0,0,0,105418,104718,210136,149.13,-35.2809
1156,canberra,Nov-05,2005,11,598.0,110.0,575.0,108.0,111285,111715,223000,0,0,0,111285,111715,223000,149.13,-35.2809
1157,canberra,Nov-06,2006,11,697.0,77.0,671.0,77.0,121176,121637,242813,0,0,0,121176,121637,242813,149.13,-35.2809
1158,canberra,Nov-07,2007,11,677.0,130.0,623.0,158.0,121268,120605,241873,0,0,0,121268,120605,241873,149.13,-35.2809
1159,canberra,Nov-08,2008,11,1413.0,259.0,1316.0,356.0,132051,127808,259859,0,0,0,132051,127808,259859,149.13,-35.2809
1160,canberra,Nov-09,2009,11,1461.0,166.0,1417.0,219.0,140350,136400,276750,0,0,0,140350,136400,276750,149.13,-35.2809
1161,canberra,Nov-10,2010,11,1304.0,266.0,1312.0,256.0,146185,144206,290391,0,0,0,146185,144206,290391,149.13,-35.2809
1162,canberra,Nov-11,2011,11,1305.0,299.0,1268.0,339.0,140335,138342,278677,0,0,0,140335,138342,278677,149.13,-35.2809
1163,canberra,Nov-12,2012,11,1390.0,249.0,1307.0,331.0,135284,135565,270849,0,0,0,135284,135565,270849,149.13,-35.2809
1164,canberra,Nov-13,2013,11,1362.0,258.0,1349.0,272.0,127922,128151,256073,0,0,0,127922,128151,256073,149.13,-35.2809
1165,canberra,Nov-14,2014,11,1386.0,148.0,1339.0,195.0,122435,120113,242548,0,0,0,122435,120113,242548,149.13,-35.2809
1166,canberra,Nov-15,2015,11,1339.0,194.0,1305.0,231.0,127260,123247,250507,0,0,0,127260,123247,250507,149.13,-35.2809
1167,canberra,Nov-16,2016,11,1282.0,209.0,1256.0,237.0,134343,131391,265734,3393,3274,6667,137736,134665,272401,149.13,-35.2809
1168,canberra,Nov-17,2017,11,1278.0,245.0,1255.0,266.0,138446,137892,276338,3759,3404,7163,142205,141296,283501,149.13,-35.2809
1169,canberra,Nov-18,2018,11,1153.0,362.0,1114.0,403.0,142780,143912,286692,3035,3992,7027,145815,147904,293719,149.13,-35.2809
1170,canberra,Nov-19,2019,11,1176.0,331.0,1132.0,381.0,143066,144165,287231,2813,3718,6531,145879,147883,293762,149.13,-35.2809
1171,canberra,Nov-20,2020,11,236.0,26.0,248.0,14.0,34173,34250,68423,118,0,118,34291,34250,68541,149.13,-35.2809
1172,canberra,Nov-21,2021,11,382.0,45.0,385.0,48.0,24218,23996,48214,0,0,0,24218,23996,48214,149.13,-35.2809
1173,canberra,Nov-22,2022,11,1029.0,383.0,1038.0,378.0,123665,122061,245726,0,0,0,123665,122061,245726,149.13,-35.2809
1174,canberra,Nov-23,2023,11,995.0,533.0,1017.0,521.0,129008,129404,258412,983,1183,2166,129991,130587,260578,149.13,-35.2809
1175,canberra,Oct-04,2004,10,1354.0,142.0,1312.0,186.0,107177,104160,211337,0,0,0,107177,104160,211337,149.13,-35.2809
1176,canberra,Oct-05,2005,10,649.0,85.0,613.0,90.0,113953,110635,224588,0,0,0,113953,110635,224588,149.13,-35.2809
1177,canberra,Oct-06,2006,10,732.0,58.0,701.0,63.0,120725,118087,238812,0,0,0,120725,118087,238812,149.13,-35.2809
1178,canberra,Oct-07,2007,10,706.0,110.0,646.0,144.0,123556,119731,243287,0,0,0,123556,119731,243287,149.13,-35.2809
1179,canberra,Oct-08,2008,10,1480.0,283.0,1439.0,327.0,138389,136763,275152,0,0,0,138389,136763,275152,149.13,-35.2809
1180,canberra,Oct-09,2009,10,1486.0,161.0,1409.0,242.0,139171,136886,276057,0,0,0,139171,136886,276057,149.13,-35.2809
1181,canberra,Oct-10,2010,10,1388.0,211.0,1344.0,264.0,150238,143708,293946,0,0,0,150238,143708,293946,149.13,-35.2809
1182,canberra,Oct-11,2011,10,1329.0,248.0,1302.0,278.0,138124,134276,272400,0,0,0,138124,134276,272400,149.13,-35.2809
1183,canberra,Oct-12,2012,10,1477.0,190.0,1393.0,280.0,138679,130767,269446,0,0,0,138679,130767,269446,149.13,-35.2809
1184,canberra,Oct-13,2013,10,1415.0,261.0,1351.0,326.0,134709,128025,262734,0,0,0,134709,128025,262734,149.13,-35.2809
1185,canberra,Oct-14,2014,10,1498.0,164.0,1477.0,189.0,131857,128821,260678,0,0,0,131857,128821,260678,149.13,-35.2809
1186,canberra,Oct-15,2015,10,1400.0,162.0,1360.0,205.0,126705,122960,249665,0,0,0,126705,122960,249665,149.13,-35.2809
1187,canberra,Oct-16,2016,10,1281.0,210.0,1243.0,256.0,131890,124676,256566,3821,3174,6995,135711,127850,263561,149.13,-35.2809
1188,canberra,Oct-17,2017,10,1251.0,265.0,1223.0,293.0,139380,132630,272010,4306,3250,7556,143686,135880,279566,149.13,-35.2809
1189,canberra,Oct-18,2018,10,1270.0,300.0,1239.0,335.0,149456,142604,292060,3923,3360,7283,153379,145964,299343,149.13,-35.2809
1190,canberra,Oct-19,2019,10,1334.0,261.0,1300.0,300.0,150608,147522,298130,3777,3557,7334,154385,151079,305464,149.13,-35.2809
1191,canberra,Oct-20,2020,10,155.0,25.0,165.0,16.0,22103,23072,45175,0,0,0,22103,23072,45175,149.13,-35.2809
1192,canberra,Oct-21,2021,10,97.0,9.0,96.0,10.0,2074,2484,4558,0,0,0,2074,2484,4558,149.13,-35.2809
1193,canberra,Oct-22,2022,10,1030.0,345.0,1015.0,361.0,125573,119439,245012,0,0,0,125573,119439,245012,149.13,-35.2809
1194,canberra,Oct-23,2023,10,1186.0,378.0,1189.0,378.0,127977,120158,248135,1234,1379,2613,129211,121537,250748,149.13,-35.2809
1195,canberra,Sep-04,2004,9,1321.0,159.0,1306.0,172.0,103669,107627,211296,200,193,393,103869,107820,211689,149.13,-35.2809
1196,canberra,Sep-05,2005,9,644.0,70.0,621.0,67.0,110622,113557,224179,0,0,0,110622,113557,224179,149.13,-35.2809
1197,canberra,Sep-06,2006,9,690.0,74.0,673.0,68.0,114836,116199,231035,0,0,0,114836,116199,231035,149.13,-35.2809
1198,canberra,Sep-07,2007,9,688.0,88.0,645.0,107.0,116658,118175,234833,0,0,0,116658,118175,234833,149.13,-35.2809
1199,canberra,Sep-08,2008,9,1506.0,223.0,1429.0,304.0,128945,130815,259760,0,0,0,128945,130815,259760,149.13,-35.2809
1200,canberra,Sep-09,2009,9,1451.0,192.0,1423.0,223.0,138413,140091,278504,0,0,0,138413,140091,278504,149.13,-35.2809
1201,canberra,Sep-10,2010,9,1263.0,188.0,1231.0,232.0,137827,142801,280628,0,0,0,137827,142801,280628,149.13,-35.2809
1202,canberra,Sep-11,2011,9,1354.0,226.0,1307.0,279.0,141455,142946,284401,0,0,0,141455,142946,284401,149.13,-35.2809
1203,canberra,Sep-12,2012,9,1310.0,223.0,1240.0,300.0,128890,130406,259296,0,0,0,128890,130406,259296,149.13,-35.2809
1204,canberra,Sep-13,2013,9,1406.0,197.0,1377.0,234.0,120563,122006,242569,0,0,0,120563,122006,242569,149.13,-35.2809
1205,canberra,Sep-14,2014,9,1507.0,111.0,1471.0,151.0,121363,121743,243106,0,0,0,121363,121743,243106,149.13,-35.2809
1206,canberra,Sep-15,2015,9,1375.0,141.0,1371.0,146.0,121215,122296,243511,0,0,0,121215,122296,243511,149.13,-35.2809
1207,canberra,Sep-16,2016,9,1298.0,193.0,1279.0,210.0,123755,129234,252989,1421,1784,3205,125176,131018,256194,149.13,-35.2809
1208,canberra,Sep-17,2017,9,1225.0,255.0,1196.0,288.0,131749,135681,267430,3582,3692,7274,135331,139373,274704,149.13,-35.2809
1209,canberra,Sep-18,2018,9,1290.0,211.0,1275.0,223.0,134735,135431,270166,3749,4719,8468,138484,140150,278634,149.13,-35.2809
1210,canberra,Sep-19,2019,9,1253.0,285.0,1225.0,318.0,140824,139184,280008,3471,4559,8030,144295,143743,288038,149.13,-35.2809
1211,canberra,Sep-20,2020,9,54.0,9.0,58.0,6.0,6167,7122,13289,0,0,0,6167,7122,13289,149.13,-35.2809
1212,canberra,Sep-21,2021,9,94.0,7.0,95.0,6.0,1854,1642,3496,0,0,0,1854,1642,3496,149.13,-35.2809
1213,canberra,Sep-22,2022,9,936.0,420.0,1008.0,356.0,114412,119407,233819,0,0,0,114412,119407,233819,149.13,-35.2809
1214,canberra,Sep-23,2023,9,1155.0,392.0,1196.0,356.0,119580,122742,242322,940,1059,1999,120520,123801,244321,149.13,-35.2809
1215,darwin,Apr-04,2004,4,134.0,16.0,134.0,15.0,41292,40937,82229,3083,3398,6481,44375,44335,88710,130.8456,-12.4634
1216,darwin,Apr-05,2005,4,167.0,21.0,166.0,21.0,46488,45678,92166,3230,4079,7309,49718,49757,99475,130.8456,-12.4634
1217,darwin,Apr-06,2006,4,68.0,37.0,79.0,24.0,42178,41903,84081,5186,6019,11205,47364,47922,95286,130.8456,-12.4634
1218,darwin,Apr-07,2007,4,109.0,14.0,111.0,12.0,50485,50503,100988,5298,5447,10745,55783,55950,111733,130.8456,-12.4634
1219,darwin,Apr-08,2008,4,121.0,50.0,135.0,38.0,56679,54760,111439,6612,6826,13438,63291,61586,124877,130.8456,-12.4634
1220,darwin,Apr-09,2009,4,86.0,22.0,80.0,29.0,54008,53083,107091,7744,7085,14829,61752,60168,121920,130.8456,-12.4634
1221,darwin,Apr-10,2010,4,143.0,12.0,147.0,10.0,56009,54454,110463,8722,8067,16789,64731,62521,127252,130.8456,-12.4634
1222,darwin,Apr-11,2011,4,129.0,38.0,130.0,36.0,59134,57886,117020,11843,11649,23492,70977,69535,140512,130.8456,-12.4634
1223,darwin,Apr-12,2012,4,149.0,28.0,148.0,29.0,67753,65371,133124,13086,14062,27148,80839,79433,160272,130.8456,-12.4634
1224,darwin,Apr-13,2013,4,221.0,57.0,227.0,51.0,70025,67143,137168,13150,13090,26240,83175,80233,163408,130.8456,-12.4634
1225,darwin,Apr-14,2014,4,320.0,67.0,338.0,50.0,74805,72966,147771,10904,11950,22854,85709,84916,170625,130.8456,-12.4634
1226,darwin,Apr-15,2015,4,317.0,63.0,336.0,48.0,74927,71880,146807,10371,9647,20018,85298,81527,166825,130.8456,-12.4634
1227,darwin,Apr-16,2016,4,414.0,38.0,431.0,21.0,73084,71795,144879,9808,10021,19829,82892,81816,164708,130.8456,-12.4634
1228,darwin,Apr-17,2017,4,375.0,65.0,405.0,37.0,73820,73730,147550,11407,11660,23067,85227,85390,170617,130.8456,-12.4634
1229,darwin,Apr-18,2018,4,378.0,60.0,385.0,55.0,72393,70218,142611,9102,9005,18107,81495,79223,160718,130.8456,-12.4634
1230,darwin,Apr-19,2019,4,335.0,80.0,360.0,56.0,73370,70662,144032,10018,10067,20085,83388,80729,164117,130.8456,-12.4634
1231,darwin,Apr-21,2021,4,93.0,40.0,117.0,19.0,58960,57078,116038,0,0,0,58960,57078,116038,130.8456,-12.4634
1232,darwin,Apr-22,2022,4,123.0,127.0,176.0,76.0,69585,67980,137565,4633,4999,9632,74218,72979,147197,130.8456,-12.4634
1233,darwin,Apr-23,2023,4,126.0,66.0,128.0,67.0,67366,64435,131801,6319,6734,13053,73685,71169,144854,130.8456,-12.4634
1234,darwin,Aug-04,2004,8,135.0,28.0,140.0,23.0,55684,59595,115279,4802,5659,10461,60486,65254,125740,130.8456,-12.4634
1235,darwin,Aug-05,2005,8,161.0,34.0,161.0,35.0,56016,59161,115177,5051,6294,11345,61067,65455,126522,130.8456,-12.4634
1236,darwin,Aug-06,2006,8,89.0,46.0,120.0,14.0,62813,66717,129530,5282,6814,12096,68095,73531,141626,130.8456,-12.4634
1237,darwin,Aug-07,2007,8,105.0,28.0,112.0,21.0,64809,69870,134679,6583,7052,13635,71392,76922,148314,130.8456,-12.4634
1238,darwin,Aug-08,2008,8,111.0,70.0,126.0,55.0,69908,72681,142589,8349,8808,17157,78257,81489,159746,130.8456,-12.4634
1239,darwin,Aug-09,2009,8,238.0,32.0,223.0,52.0,65829,68777,134606,9252,9866,19118,75081,78643,153724,130.8456,-12.4634
1240,darwin,Aug-10,2010,8,154.0,37.0,158.0,37.0,71205,73913,145118,9930,10517,20447,81135,84430,165565,130.8456,-12.4634
1241,darwin,Aug-11,2011,8,156.0,31.0,158.0,29.0,82073,86379,168452,14244,16475,30719,96317,102854,199171,130.8456,-12.4634
1242,darwin,Aug-12,2012,8,264.0,45.0,273.0,37.0,77942,81287,159229,13355,14200,27555,91297,95487,186784,130.8456,-12.4634
1243,darwin,Aug-13,2013,8,250.0,58.0,260.0,47.0,78518,86863,165381,14709,16044,30753,93227,102907,196134,130.8456,-12.4634
1244,darwin,Aug-14,2014,8,254.0,146.0,307.0,95.0,87423,91411,178834,14429,15917,30346,101852,107328,209180,130.8456,-12.4634
1245,darwin,Aug-15,2015,8,397.0,86.0,433.0,51.0,85948,91755,177703,11491,12008,23499,97439,103763,201202,130.8456,-12.4634
1246,darwin,Aug-16,2016,8,409.0,83.0,432.0,61.0,86449,93385,179834,12553,12772,25325,99002,106157,205159,130.8456,-12.4634
1247,darwin,Aug-17,2017,8,417.0,76.0,439.0,53.0,90820,93937,184757,11606,12589,24195,102426,106526,208952,130.8456,-12.4634
1248,darwin,Aug-18,2018,8,317.0,153.0,358.0,114.0,86310,91491,177801,10085,10455,20540,96395,101946,198341,130.8456,-12.4634
1249,darwin,Aug-19,2019,8,322.0,136.0,339.0,116.0,85090,90369,175459,12323,12564,24887,97413,102933,200346,130.8456,-12.4634
1250,darwin,Aug-20,2020,8,45.0,24.0,58.0,11.0,19355,19061,38416,0,0,0,19355,19061,38416,130.8456,-12.4634
1251,darwin,Aug-21,2021,8,169.0,51.0,186.0,36.0,38962,45706,84668,0,0,0,38962,45706,84668,130.8456,-12.4634
1252,darwin,Aug-22,2022,8,119.0,223.0,212.0,128.0,77807,83209,161016,7483,6757,14240,85290,89966,175256,130.8456,-12.4634
1253,darwin,Aug-23,2023,8,214.0,139.0,263.0,88.0,80462,84572,165034,8403,8207,16610,88865,92779,181644,130.8456,-12.4634
1254,darwin,Dec-04,2004,12,98.0,30.0,84.0,44.0,37488,43234,80722,3202,4704,7906,40690,47938,88628,130.8456,-12.4634
1255,darwin,Dec-05,2005,12,79.0,28.0,89.0,17.0,36731,43982,80713,3850,5453,9303,40581,49435,90016,130.8456,-12.4634
1256,darwin,Dec-06,2006,12,87.0,28.0,88.0,27.0,43111,50354,93465,4081,7627,11708,47192,57981,105173,130.8456,-12.4634
1257,darwin,Dec-07,2007,12,101.0,34.0,108.0,27.0,50793,58463,109256,6344,10152,16496,57137,68615,125752,130.8456,-12.4634
1258,darwin,Dec-08,2008,12,99.0,19.0,92.0,27.0,45280,50601,95881,5677,9538,15215,50957,60139,111096,130.8456,-12.4634
1259,darwin,Dec-09,2009,12,146.0,15.0,143.0,19.0,47587,50893,98480,6700,11065,17765,54287,61958,116245,130.8456,-12.4634
1260,darwin,Dec-10,2010,12,127.0,49.0,136.0,40.0,51494,58703,110197,7376,12373,19749,58870,71076,129946,130.8456,-12.4634
1261,darwin,Dec-11,2011,12,132.0,38.0,137.0,35.0,63483,71878,135361,12214,20078,32292,75697,91956,167653,130.8456,-12.4634
1262,darwin,Dec-12,2012,12,242.0,48.0,245.0,44.0,55534,66863,122397,9045,17259,26304,64579,84122,148701,130.8456,-12.4634
1263,darwin,Dec-13,2013,12,260.0,59.0,287.0,35.0,62425,72740,135165,10761,21152,31913,73186,93892,167078,130.8456,-12.4634
1264,darwin,Dec-14,2014,12,328.0,64.0,343.0,50.0,62920,77493,140413,8816,15964,24780,71736,93457,165193,130.8456,-12.4634
1265,darwin,Dec-15,2015,12,380.0,81.0,399.0,63.0,60543,75501,136044,8199,13996,22195,68742,89497,158239,130.8456,-12.4634
1266,darwin,Dec-16,2016,12,362.0,94.0,389.0,67.0,63916,77790,141706,8924,17076,26000,72840,94866,167706,130.8456,-12.4634
1267,darwin,Dec-17,2017,12,370.0,63.0,386.0,45.0,63841,75420,139261,8449,14230,22679,72290,89650,161940,130.8456,-12.4634
1268,darwin,Dec-18,2018,12,335.0,91.0,352.0,73.0,59703,70480,130183,7985,13115,21100,67688,83595,151283,130.8456,-12.4634
1269,darwin,Dec-19,2019,12,277.0,110.0,307.0,80.0,60593,67842,128435,7543,14635,22178,68136,82477,150613,130.8456,-12.4634
1270,darwin,Dec-20,2020,12,62.0,50.0,89.0,23.0,38497,45294,83791,8,0,8,38505,45294,83799,130.8456,-12.4634
1271,darwin,Dec-21,2021,12,100.0,51.0,131.0,21.0,27859,36036,63895,1003,679,1682,28862,36715,65577,130.8456,-12.4634
1272,darwin,Dec-22,2022,12,177.0,150.0,197.0,128.0,52909,64556,117465,5409,7952,13361,58318,72508,130826,130.8456,-12.4634
1273,darwin,Feb-04,2004,2,103.0,8.0,103.0,8.0,29227,29934,59161,2839,2606,5445,32066,32540,64606,130.8456,-12.4634
1274,darwin,Feb-05,2005,2,113.0,14.0,106.0,22.0,31906,31979,63885,3032,2589,5621,34938,34568,69506,130.8456,-12.4634
1275,darwin,Feb-06,2006,2,85.0,3.0,83.0,5.0,30649,31395,62044,3998,3292,7290,34647,34687,69334,130.8456,-12.4634
1276,darwin,Feb-07,2007,2,89.0,15.0,95.0,9.0,36268,37621,73889,4642,3953,8595,40910,41574,82484,130.8456,-12.4634
1277,darwin,Feb-08,2008,2,93.0,28.0,89.0,31.0,44558,45531,90089,7371,5540,12911,51929,51071,103000,130.8456,-12.4634
1278,darwin,Feb-09,2009,2,74.0,10.0,75.0,9.0,36513,38153,74666,6589,4231,10820,43102,42384,85486,130.8456,-12.4634
1279,darwin,Feb-10,2010,2,130.0,16.0,129.0,16.0,40680,42137,82817,7671,5946,13617,48351,48083,96434,130.8456,-12.4634
1280,darwin,Feb-11,2011,2,97.0,26.0,104.0,19.0,38684,40291,78975,9685,8793,18478,48369,49084,97453,130.8456,-12.4634
1281,darwin,Feb-12,2012,2,132.0,20.0,127.0,24.0,53813,55491,109304,13713,12071,25784,67526,67562,135088,130.8456,-12.4634
1282,darwin,Feb-13,2013,2,189.0,48.0,178.0,59.0,46455,51578,98033,11276,10209,21485,57731,61787,119518,130.8456,-12.4634
1283,darwin,Feb-14,2014,2,239.0,30.0,249.0,19.0,51884,54504,106388,12288,10867,23155,64172,65371,129543,130.8456,-12.4634
1284,darwin,Feb-15,2015,2,276.0,33.0,287.0,21.0,52098,53095,105193,10012,8779,18791,62110,61874,123984,130.8456,-12.4634
1285,darwin,Feb-16,2016,2,370.0,26.0,373.0,21.0,53598,54994,108592,9106,7612,16718,62704,62606,125310,130.8456,-12.4634
1286,darwin,Feb-17,2017,2,315.0,43.0,322.0,38.0,53766,54788,108554,10799,7972,18771,64565,62760,127325,130.8456,-12.4634
1287,darwin,Feb-18,2018,2,305.0,43.0,316.0,32.0,52433,53191,105624,8919,7364,16283,61352,60555,121907,130.8456,-12.4634
1288,darwin,Feb-19,2019,2,280.0,50.0,294.0,36.0,51741,52055,103796,9136,6754,15890,60877,58809,119686,130.8456,-12.4634
1289,darwin,Feb-20,2020,2,207.0,54.0,217.0,43.0,48141,50081,98222,8685,5674,14359,56826,55755,112581,130.8456,-12.4634
1290,darwin,Feb-21,2021,2,76.0,23.0,85.0,14.0,27246,29308,56554,0,0,0,27246,29308,56554,130.8456,-12.4634
1291,darwin,Feb-22,2022,2,53.0,21.0,66.0,8.0,25989,27998,53987,1800,858,2658,27789,28856,56645,130.8456,-12.4634
1292,darwin,Feb-23,2023,2,147.0,40.0,140.0,47.0,43558,43549,87107,6650,5164,11814,50208,48713,98921,130.8456,-12.4634
1293,darwin,Jan-04,2004,1,112.0,18.0,105.0,26.0,36637,32208,68845,4087,2935,7022,40724,35143,75867,130.8456,-12.4634
1294,darwin,Jan-05,2005,1,121.0,26.0,120.0,26.0,41115,37222,78337,4964,3344,8308,46079,40566,86645,130.8456,-12.4634
1295,darwin,Jan-06,2006,1,97.0,9.0,98.0,8.0,41040,36170,77210,6099,4253,10352,47139,40423,87562,130.8456,-12.4634
1296,darwin,Jan-07,2007,1,103.0,13.0,103.0,12.0,47442,42150,89592,7515,5243,12758,54957,47393,102350,130.8456,-12.4634
1297,darwin,Jan-08,2008,1,114.0,17.0,110.0,21.0,56039,49192,105231,9631,7481,17112,65670,56673,122343,130.8456,-12.4634
1298,darwin,Jan-09,2009,1,93.0,12.0,92.0,13.0,48063,43362,91425,10356,6373,16729,58419,49735,108154,130.8456,-12.4634
1299,darwin,Jan-10,2010,1,140.0,16.0,138.0,22.0,49033,45706,94739,12438,7021,19459,61471,52727,114198,130.8456,-12.4634
1300,darwin,Jan-11,2011,1,145.0,27.0,134.0,40.0,55293,48768,104061,15893,9594,25487,71186,58362,129548,130.8456,-12.4634
1301,darwin,Jan-12,2012,1,147.0,31.0,152.0,30.0,68388,60334,128722,19497,14371,33868,87885,74705,162590,130.8456,-12.4634
1302,darwin,Jan-13,2013,1,217.0,53.0,224.0,48.0,62540,57093,119633,15897,12096,27993,78437,69189,147626,130.8456,-12.4634
1303,darwin,Jan-14,2014,1,284.0,35.0,287.0,32.0,68673,59642,128315,20907,13760,34667,89580,73402,162982,130.8456,-12.4634
1304,darwin,Jan-15,2015,1,318.0,35.0,323.0,33.0,69503,57368,126871,15839,9890,25729,85342,67258,152600,130.8456,-12.4634
1305,darwin,Jan-16,2016,1,384.0,43.0,387.0,42.0,69963,56451,126414,14691,10021,24712,84654,66472,151126,130.8456,-12.4634
1306,darwin,Jan-17,2017,1,388.0,31.0,400.0,19.0,73163,61620,134783,17466,11510,28976,90629,73130,163759,130.8456,-12.4634
1307,darwin,Jan-18,2018,1,359.0,52.0,368.0,45.0,71306,60705,132011,15625,10304,25929,86931,71009,157940,130.8456,-12.4634
1308,darwin,Jan-19,2019,1,366.0,34.0,363.0,39.0,65415,56170,121585,13501,9880,23381,78916,66050,144966,130.8456,-12.4634
1309,darwin,Jan-20,2020,1,321.0,55.0,317.0,59.0,64657,56560,121217,15026,10712,25738,79683,67272,146955,130.8456,-12.4634
1310,darwin,Jan-21,2021,1,92.0,28.0,102.0,18.0,40399,38445,78844,0,0,0,40399,38445,78844,130.8456,-12.4634
1311,darwin,Jan-22,2022,1,87.0,19.0,100.0,6.0,33550,27956,61506,1128,672,1800,34678,28628,63306,130.8456,-12.4634
1312,darwin,Jan-23,2023,1,199.0,94.0,184.0,113.0,57714,49886,107600,7777,6134,13911,65491,56020,121511,130.8456,-12.4634
1313,darwin,Jul-04,2004,7,114.0,40.0,138.0,18.0,60352,60952,121304,6569,4862,11431,66921,65814,132735,130.8456,-12.4634
1314,darwin,Jul-05,2005,7,130.0,64.0,132.0,62.0,61640,62249,123889,6845,5062,11907,68485,67311,135796,130.8456,-12.4634
1315,darwin,Jul-06,2006,7,54.0,78.0,93.0,40.0,68177,69954,138131,8020,6217,14237,76197,76171,152368,130.8456,-12.4634
1316,darwin,Jul-07,2007,7,99.0,34.0,117.0,16.0,69489,71555,141044,8937,7175,16112,78426,78730,157156,130.8456,-12.4634
1317,darwin,Jul-08,2008,7,106.0,87.0,132.0,61.0,76454,77715,154169,11910,9344,21254,88364,87059,175423,130.8456,-12.4634
1318,darwin,Jul-09,2009,7,217.0,64.0,206.0,75.0,72086,73153,145239,11331,8167,19498,83417,81320,164737,130.8456,-12.4634
1319,darwin,Jul-10,2010,7,112.0,78.0,131.0,58.0,77612,78928,156540,12432,10236,22668,90044,89164,179208,130.8456,-12.4634
1320,darwin,Jul-11,2011,7,135.0,56.0,145.0,47.0,94294,94188,188482,17228,16951,34179,111522,111139,222661,130.8456,-12.4634
1321,darwin,Jul-12,2012,7,173.0,85.0,179.0,80.0,86207,88760,174967,17574,15555,33129,103781,104315,208096,130.8456,-12.4634
1322,darwin,Jul-13,2013,7,202.0,108.0,236.0,74.0,85730,91046,176776,17711,15892,33603,103441,106938,210379,130.8456,-12.4634
1323,darwin,Jul-14,2014,7,271.0,143.0,317.0,96.0,94921,97274,192195,16732,14403,31135,111653,111677,223330,130.8456,-12.4634
1324,darwin,Jul-15,2015,7,350.0,158.0,414.0,95.0,97542,100915,198457,14992,12248,27240,112534,113163,225697,130.8456,-12.4634
1325,darwin,Jul-16,2016,7,419.0,97.0,428.0,89.0,97118,98221,195339,15791,13694,29485,112909,111915,224824,130.8456,-12.4634
1326,darwin,Jul-17,2017,7,353.0,148.0,393.0,109.0,96791,99647,196438,14671,13244,27915,111462,112891,224353,130.8456,-12.4634
1327,darwin,Jul-18,2018,7,352.0,168.0,394.0,130.0,96710,100013,196723,10465,9930,20395,107175,109943,217118,130.8456,-12.4634
1328,darwin,Jul-19,2019,7,314.0,188.0,374.0,130.0,93885,97733,191618,14178,11800,25978,108063,109533,217596,130.8456,-12.4634
1329,darwin,Jul-20,2020,7,38.0,11.0,42.0,7.0,14237,12332,26569,0,0,0,14237,12332,26569,130.8456,-12.4634
1330,darwin,Jul-21,2021,7,182.0,55.0,192.0,47.0,45513,45924,91437,0,0,0,45513,45924,91437,130.8456,-12.4634
1331,darwin,Jul-22,2022,7,118.0,264.0,245.0,138.0,93673,97593,191266,8642,7711,16353,102315,105304,207619,130.8456,-12.4634
1332,darwin,Jul-23,2023,7,217.0,179.0,247.0,147.0,87172,90824,177996,8697,8406,17103,95869,99230,195099,130.8456,-12.4634
1333,darwin,Jun-04,2004,6,131.0,20.0,141.0,11.0,51459,49519,100978,4205,4952,9157,55664,54471,110135,130.8456,-12.4634
1334,darwin,Jun-05,2005,6,111.0,78.0,99.0,92.0,55001,52171,107172,4080,4965,9045,59081,57136,116217,130.8456,-12.4634
1335,darwin,Jun-06,2006,6,56.0,69.0,75.0,49.0,56457,54333,110790,5072,6746,11818,61529,61079,122608,130.8456,-12.4634
1336,darwin,Jun-07,2007,6,74.0,54.0,80.0,48.0,63885,60543,124428,5435,7582,13017,69320,68125,137445,130.8456,-12.4634
1337,darwin,Jun-08,2008,6,103.0,85.0,123.0,66.0,68335,65067,133402,7624,9407,17031,75959,74474,150433,130.8456,-12.4634
1338,darwin,Jun-09,2009,6,76.0,39.0,77.0,38.0,66180,65174,131354,8809,9617,18426,74989,74791,149780,130.8456,-12.4634
1339,darwin,Jun-10,2010,6,110.0,54.0,128.0,39.0,68101,64828,132929,9032,10053,19085,77133,74881,152014,130.8456,-12.4634
1340,darwin,Jun-11,2011,6,120.0,44.0,129.0,39.0,66655,63831,130486,11490,12875,24365,78145,76706,154851,130.8456,-12.4634
1341,darwin,Jun-12,2012,6,128.0,30.0,127.0,31.0,78831,73034,151865,12603,15897,28500,91434,88931,180365,130.8456,-12.4634
1342,darwin,Jun-13,2013,6,183.0,96.0,204.0,77.0,77202,73766,150968,11490,14233,25723,88692,87999,176691,130.8456,-12.4634
1343,darwin,Jun-14,2014,6,283.0,120.0,306.0,99.0,90436,84191,174627,12073,15491,27564,102509,99682,202191,130.8456,-12.4634
1344,darwin,Jun-15,2015,6,370.0,99.0,390.0,82.0,88982,83047,172029,10295,12773,23068,99277,95820,195097,130.8456,-12.4634
1345,darwin,Jun-16,2016,6,386.0,81.0,403.0,68.0,90624,84174,174798,10734,13149,23883,101358,97323,198681,130.8456,-12.4634
1346,darwin,Jun-17,2017,6,356.0,117.0,383.0,89.0,89615,83613,173228,11386,14142,25528,101001,97755,198756,130.8456,-12.4634
1347,darwin,Jun-18,2018,6,356.0,128.0,344.0,138.0,84518,80484,165002,9976,10931,20907,94494,91415,185909,130.8456,-12.4634
1348,darwin,Jun-19,2019,6,316.0,137.0,340.0,114.0,83691,79376,163067,10830,12907,23737,94521,92283,186804,130.8456,-12.4634
1349,darwin,Jun-21,2021,6,106.0,108.0,154.0,65.0,59264,60502,119766,0,0,0,59264,60502,119766,130.8456,-12.4634
1350,darwin,Jun-22,2022,6,115.0,254.0,197.0,177.0,87873,78844,166717,6072,7727,13799,93945,86571,180516,130.8456,-12.4634
1351,darwin,Jun-23,2023,6,160.0,174.0,173.0,165.0,82253,75790,158043,6842,7183,14025,89095,82973,172068,130.8456,-12.4634
1352,darwin,Mar-04,2004,3,118.0,7.0,117.0,7.0,35292,35298,70590,2851,3260,6111,38143,38558,76701,130.8456,-12.4634
1353,darwin,Mar-05,2005,3,127.0,19.0,121.0,28.0,40237,39953,80190,3167,3603,6770,43404,43556,86960,130.8456,-12.4634
1354,darwin,Mar-06,2006,3,99.0,5.0,97.0,8.0,37486,37595,75081,3935,4330,8265,41421,41925,83346,130.8456,-12.4634
1355,darwin,Mar-07,2007,3,105.0,13.0,105.0,14.0,44612,44752,89364,4423,4765,9188,49035,49517,98552,130.8456,-12.4634
1356,darwin,Mar-08,2008,3,118.0,15.0,110.0,23.0,53648,53006,106654,6686,6378,13064,60334,59384,119718,130.8456,-12.4634
1357,darwin,Mar-09,2009,3,83.0,9.0,77.0,15.0,44423,43605,88028,5113,5276,10389,49536,48881,98417,130.8456,-12.4634
1358,darwin,Mar-10,2010,3,136.0,24.0,135.0,26.0,52040,51606,103646,7223,6848,14071,59263,58454,117717,130.8456,-12.4634
1359,darwin,Mar-11,2011,3,131.0,20.0,136.0,17.0,50909,51066,101975,10698,9766,20464,61607,60832,122439,130.8456,-12.4634
1360,darwin,Mar-12,2012,3,138.0,34.0,147.0,25.0,63537,62277,125814,12657,13290,25947,76194,75567,151761,130.8456,-12.4634
1361,darwin,Mar-13,2013,3,222.0,46.0,228.0,41.0,64627,62391,127018,11665,12739,24404,76292,75130,151422,130.8456,-12.4634
1362,darwin,Mar-14,2014,3,293.0,39.0,292.0,39.0,62953,62152,125105,12264,11944,24208,75217,74096,149313,130.8456,-12.4634
1363,darwin,Mar-15,2015,3,315.0,37.0,324.0,27.0,65149,63427,128576,9928,10166,20094,75077,73593,148670,130.8456,-12.4634
1364,darwin,Mar-16,2016,3,391.0,45.0,402.0,36.0,66369,66209,132578,8824,9100,17924,75193,75309,150502,130.8456,-12.4634
1365,darwin,Mar-17,2017,3,355.0,60.0,349.0,68.0,67319,65572,132891,9524,9890,19414,76843,75462,152305,130.8456,-12.4634
1366,darwin,Mar-18,2018,3,346.0,43.0,343.0,44.0,64602,65239,129841,7718,8106,15824,72320,73345,145665,130.8456,-12.4634
1367,darwin,Mar-19,2019,3,330.0,59.0,325.0,64.0,60587,59296,119883,7932,7402,15334,68519,66698,135217,130.8456,-12.4634
1368,darwin,Mar-20,2020,3,202.0,49.0,210.0,42.0,41355,39999,81354,4342,2910,7252,45697,42909,88606,130.8456,-12.4634
1369,darwin,Mar-21,2021,3,80.0,43.0,100.0,25.0,41072,41479,82551,0,0,0,41072,41479,82551,130.8456,-12.4634
1370,darwin,Mar-22,2022,3,55.0,26.0,66.0,16.0,43814,44414,88228,2796,1979,4775,46610,46393,93003,130.8456,-12.4634
1371,darwin,Mar-23,2023,3,151.0,55.0,153.0,56.0,57575,55273,112848,6237,5577,11814,63812,60850,124662,130.8456,-12.4634
1372,darwin,May-04,2004,5,136.0,28.0,138.0,25.0,45261,44645,89906,3283,3682,6965,48544,48327,96871,130.8456,-12.4634
1373,darwin,May-05,2005,5,139.0,38.0,146.0,31.0,48538,47098,95636,4021,4948,8969,52559,52046,104605,130.8456,-12.4634
1374,darwin,May-06,2006,5,71.0,58.0,94.0,36.0,51406,49148,100554,4108,5056,9164,55514,54204,109718,130.8456,-12.4634
1375,darwin,May-07,2007,5,93.0,27.0,94.0,26.0,58981,55667,114648,5250,5930,11180,64231,61597,125828,130.8456,-12.4634
1376,darwin,May-08,2008,5,132.0,62.0,126.0,67.0,62707,60376,123083,6588,7263,13851,69295,67639,136934,130.8456,-12.4634
1377,darwin,May-09,2009,5,74.0,37.0,59.0,52.0,59998,58394,118392,8422,8485,16907,68420,66879,135299,130.8456,-12.4634
1378,darwin,May-10,2010,5,135.0,26.0,142.0,18.0,59942,58547,118489,8980,8182,17162,68922,66729,135651,130.8456,-12.4634
1379,darwin,May-11,2011,5,146.0,31.0,150.0,28.0,61808,59126,120934,12126,10980,23106,73934,70106,144040,130.8456,-12.4634
1380,darwin,May-12,2012,5,131.0,33.0,131.0,33.0,68975,67402,136377,12099,12321,24420,81074,79723,160797,130.8456,-12.4634
1381,darwin,May-13,2013,5,211.0,67.0,219.0,64.0,69754,66386,136140,11902,12238,24140,81656,78624,160280,130.8456,-12.4634
1382,darwin,May-14,2014,5,336.0,57.0,346.0,49.0,74481,73042,147523,11129,12017,23146,85610,85059,170669,130.8456,-12.4634
1383,darwin,May-15,2015,5,299.0,72.0,321.0,49.0,76197,73855,150052,10489,10953,21442,86686,84808,171494,130.8456,-12.4634
1384,darwin,May-16,2016,5,359.0,60.0,376.0,44.0,77991,74579,152570,10481,11275,21756,88472,85854,174326,130.8456,-12.4634
1385,darwin,May-17,2017,5,369.0,72.0,394.0,51.0,77086,72354,149440,10377,10756,21133,87463,83110,170573,130.8456,-12.4634
1386,darwin,May-18,2018,5,356.0,88.0,378.0,70.0,76202,74029,150231,7979,8184,16163,84181,82213,166394,130.8456,-12.4634
1387,darwin,May-19,2019,5,299.0,117.0,310.0,106.0,73588,71246,144834,10481,11013,21494,84069,82259,166328,130.8456,-12.4634
1388,darwin,May-21,2021,5,86.0,58.0,110.0,35.0,64413,62995,127408,0,0,0,64413,62995,127408,130.8456,-12.4634
1389,darwin,May-22,2022,5,125.0,225.0,227.0,123.0,74594,70583,145177,5768,6601,12369,80362,77184,157546,130.8456,-12.4634
1390,darwin,May-23,2023,5,184.0,99.0,190.0,92.0,72768,69623,142391,6474,6504,12978,79242,76127,155369,130.8456,-12.4634
1391,darwin,Nov-04,2004,11,96.0,18.0,82.0,30.0,38623,40118,78741,3858,3634,7492,42481,43752,86233,130.8456,-12.4634
1392,darwin,Nov-05,2005,11,79.0,23.0,77.0,25.0,38687,39539,78226,3753,3360,7113,42440,42899,85339,130.8456,-12.4634
1393,darwin,Nov-06,2006,11,98.0,13.0,87.0,25.0,47259,48625,95884,4526,4662,9188,51785,53287,105072,130.8456,-12.4634
1394,darwin,Nov-07,2007,11,98.0,30.0,67.0,61.0,49280,50394,99674,5480,5716,11196,54760,56110,110870,130.8456,-12.4634
1395,darwin,Nov-08,2008,11,57.0,28.0,64.0,21.0,49382,51219,100601,5820,5246,11066,55202,56465,111667,130.8456,-12.4634
1396,darwin,Nov-09,2009,11,144.0,14.0,133.0,22.0,48126,49180,97306,8305,7371,15676,56431,56551,112982,130.8456,-12.4634
1397,darwin,Nov-10,2010,11,132.0,37.0,131.0,38.0,51484,52956,104440,8202,7770,15972,59686,60726,120412,130.8456,-12.4634
1398,darwin,Nov-11,2011,11,135.0,27.0,128.0,34.0,66991,67348,134339,14519,16635,31154,81510,83983,165493,130.8456,-12.4634
1399,darwin,Nov-12,2012,11,239.0,41.0,225.0,55.0,59865,63198,123063,11167,12510,23677,71032,75708,146740,130.8456,-12.4634
1400,darwin,Nov-13,2013,11,236.0,68.0,234.0,68.0,62843,66689,129532,12889,13846,26735,75732,80535,156267,130.8456,-12.4634
1401,darwin,Nov-14,2014,11,298.0,62.0,313.0,48.0,66034,68759,134793,10563,11258,21821,76597,80017,156614,130.8456,-12.4634
1402,darwin,Nov-15,2015,11,373.0,60.0,367.0,66.0,67178,68458,135636,9269,9372,18641,76447,77830,154277,130.8456,-12.4634
1403,darwin,Nov-16,2016,11,351.0,69.0,347.0,76.0,69322,70127,139449,9560,9637,19197,78882,79764,158646,130.8456,-12.4634
1404,darwin,Nov-17,2017,11,334.0,84.0,330.0,87.0,68432,70673,139105,9446,9662,19108,77878,80335,158213,130.8456,-12.4634
1405,darwin,Nov-18,2018,11,295.0,101.0,301.0,92.0,62541,64400,126941,8426,8618,17044,70967,73018,143985,130.8456,-12.4634
1406,darwin,Nov-19,2019,11,259.0,118.0,250.0,126.0,60776,63808,124584,9006,9238,18244,69782,73046,142828,130.8456,-12.4634
1407,darwin,Nov-20,2020,11,63.0,27.0,67.0,21.0,31186,33267,64453,63,4,67,31249,33271,64520,130.8456,-12.4634
1408,darwin,Nov-21,2021,11,150.0,25.0,149.0,25.0,27062,31216,58278,887,181,1068,27949,31397,59346,130.8456,-12.4634
1409,darwin,Nov-22,2022,11,172.0,142.0,159.0,154.0,57288,59696,116984,7064,6823,13887,64352,66519,130871,130.8456,-12.4634
1410,darwin,Nov-23,2023,11,65.0,127.0,84.0,108.0,53752,55591,109343,7317,7608,14925,61069,63199,124268,130.8456,-12.4634
1411,darwin,Oct-04,2004,10,115.0,27.0,116.0,26.0,46239,48233,94472,5647,4072,9719,51886,52305,104191,130.8456,-12.4634
1412,darwin,Oct-05,2005,10,101.0,29.0,104.0,25.0,47928,51472,99400,5451,3809,9260,53379,55281,108660,130.8456,-12.4634
1413,darwin,Oct-06,2006,10,116.0,15.0,119.0,11.0,52100,56346,108446,5778,5050,10828,57878,61396,119274,130.8456,-12.4634
1414,darwin,Oct-07,2007,10,120.0,14.0,110.0,24.0,56541,60186,116727,7989,6389,14378,64530,66575,131105,130.8456,-12.4634
1415,darwin,Oct-08,2008,10,110.0,56.0,115.0,51.0,57756,63184,120940,10344,8187,18531,68100,71371,139471,130.8456,-12.4634
1416,darwin,Oct-09,2009,10,162.0,29.0,155.0,35.0,55456,61195,116651,9885,7547,17432,65341,68742,134083,130.8456,-12.4634
1417,darwin,Oct-10,2010,10,148.0,39.0,152.0,36.0,61561,66232,127793,10326,7948,18274,71887,74180,146067,130.8456,-12.4634
1418,darwin,Oct-11,2011,10,145.0,24.0,149.0,21.0,74984,77772,152756,16324,16065,32389,91308,93837,185145,130.8456,-12.4634
1419,darwin,Oct-12,2012,10,246.0,37.0,251.0,32.0,64444,70909,135353,14405,12751,27156,78849,83660,162509,130.8456,-12.4634
1420,darwin,Oct-13,2013,10,232.0,84.0,261.0,58.0,76345,84183,160528,16029,14077,30106,92374,98260,190634,130.8456,-12.4634
1421,darwin,Oct-14,2014,10,337.0,63.0,361.0,39.0,78438,83022,161460,14688,12566,27254,93126,95588,188714,130.8456,-12.4634
1422,darwin,Oct-15,2015,10,411.0,53.0,420.0,45.0,75128,81496,156624,11222,9569,20791,86350,91065,177415,130.8456,-12.4634
1423,darwin,Oct-16,2016,10,399.0,71.0,413.0,57.0,81098,85102,166200,12234,11149,23383,93332,96251,189583,130.8456,-12.4634
1424,darwin,Oct-17,2017,10,387.0,77.0,399.0,66.0,78841,82495,161336,11330,10565,21895,90171,93060,183231,130.8456,-12.4634
1425,darwin,Oct-18,2018,10,379.0,79.0,389.0,71.0,74963,80197,155160,9424,8537,17961,84387,88734,173121,130.8456,-12.4634
1426,darwin,Oct-19,2019,10,374.0,80.0,364.0,86.0,74434,79762,154196,11996,9762,21758,86430,89524,175954,130.8456,-12.4634
1427,darwin,Oct-20,2020,10,57.0,31.0,67.0,21.0,31623,33532,65155,0,0,0,31623,33532,65155,130.8456,-12.4634
1428,darwin,Oct-21,2021,10,154.0,33.0,172.0,19.0,44302,51407,95709,0,0,0,44302,51407,95709,130.8456,-12.4634
1429,darwin,Oct-22,2022,10,194.0,154.0,246.0,103.0,71747,76723,148470,6707,5765,12472,78454,82488,160942,130.8456,-12.4634
1430,darwin,Oct-23,2023,10,242.0,123.0,266.0,99.0,69188,71688,140876,5792,4943,10735,74980,76631,151611,130.8456,-12.4634
1431,darwin,Sep-04,2004,9,114.0,36.0,119.0,31.0,49382,50233,99615,5459,4725,10184,54841,54958,109799,130.8456,-12.4634
1432,darwin,Sep-05,2005,9,138.0,25.0,126.0,35.0,47555,48204,95759,4992,4440,9432,52547,52644,105191,130.8456,-12.4634
1433,darwin,Sep-06,2006,9,106.0,22.0,108.0,20.0,54167,56936,111103,5412,5265,10677,59579,62201,121780,130.8456,-12.4634
1434,darwin,Sep-07,2007,9,110.0,17.0,110.0,18.0,57855,59840,117695,6963,7056,14019,64818,66896,131714,130.8456,-12.4634
1435,darwin,Sep-08,2008,9,122.0,41.0,138.0,25.0,62577,62661,125238,8733,8474,17207,71310,71135,142445,130.8456,-12.4634
1436,darwin,Sep-09,2009,9,184.0,23.0,166.0,38.0,62026,62687,124713,9437,8716,18153,71463,71403,142866,130.8456,-12.4634
1437,darwin,Sep-10,2010,9,134.0,54.0,145.0,43.0,68599,69156,137755,10104,9608,19712,78703,78764,157467,130.8456,-12.4634
1438,darwin,Sep-11,2011,9,137.0,33.0,138.0,32.0,76464,75476,151940,14384,16426,30810,90848,91902,182750,130.8456,-12.4634
1439,darwin,Sep-12,2012,9,245.0,44.0,246.0,44.0,71178,72489,143667,12534,12692,25226,83712,85181,168893,130.8456,-12.4634
1440,darwin,Sep-13,2013,9,224.0,82.0,268.0,39.0,77078,76640,153718,15175,14947,30122,92253,91587,183840,130.8456,-12.4634
1441,darwin,Sep-14,2014,9,320.0,73.0,348.0,45.0,79779,81259,161038,13861,13879,27740,93640,95138,188778,130.8456,-12.4634
1442,darwin,Sep-15,2015,9,395.0,70.0,414.0,53.0,82773,82494,165267,10797,10482,21279,93570,92976,186546,130.8456,-12.4634
1443,darwin,Sep-16,2016,9,397.0,76.0,397.0,76.0,82167,83178,165345,11777,12080,23857,93944,95258,189202,130.8456,-12.4634
1444,darwin,Sep-17,2017,9,359.0,92.0,362.0,88.0,80377,81831,162208,11525,10651,22176,91902,92482,184384,130.8456,-12.4634
1445,darwin,Sep-18,2018,9,366.0,83.0,381.0,65.0,81111,82002,163113,9327,9011,18338,90438,91013,181451,130.8456,-12.4634
1446,darwin,Sep-19,2019,9,346.0,98.0,357.0,91.0,77127,78844,155971,11655,11409,23064,88782,90253,179035,130.8456,-12.4634
1447,darwin,Sep-20,2020,9,51.0,25.0,63.0,13.0,25754,24295,50049,0,0,0,25754,24295,50049,130.8456,-12.4634
1448,darwin,Sep-21,2021,9,189.0,41.0,205.0,28.0,47173,50023,97196,0,0,0,47173,50023,97196,130.8456,-12.4634
1449,darwin,Sep-22,2022,9,169.0,174.0,231.0,110.0,76708,80271,156979,6289,6134,12423,82997,86405,169402,130.8456,-12.4634
1450,darwin,Sep-23,2023,9,259.0,102.0,300.0,64.0,74658,78849,153507,8317,7713,16030,82975,86562,169537,130.8456,-12.4634
1451,gold coast,Apr-04,2004,4,641.0,101.0,640.0,102.0,95892,95152,191044,5665,5521,11186,101557,100673,202230,153.4,-28.0167
1452,gold coast,Apr-05,2005,4,850.0,110.0,878.0,81.0,131193,128432,259625,7717,7048,14765,138910,135480,274390,153.4,-28.0167
1453,gold coast,Apr-06,2006,4,852.0,155.0,885.0,124.0,134850,138157,273007,8022,7866,15888,142872,146023,288895,153.4,-28.0167
1454,gold coast,Apr-07,2007,4,874.0,165.0,909.0,130.0,146931,150343,297274,8079,7897,15976,155010,158240,313250,153.4,-28.0167
1455,gold coast,Apr-08,2008,4,932.0,270.0,906.0,295.0,161945,164870,326815,12113,10886,22999,174058,175756,349814,153.4,-28.0167
1456,gold coast,Apr-09,2009,4,958.0,228.0,991.0,196.0,176219,177224,353443,23212,22039,45251,199431,199263,398694,153.4,-28.0167
1457,gold coast,Apr-10,2010,4,1090.0,183.0,1110.0,170.0,193045,197697,390742,31212,29531,60743,224257,227228,451485,153.4,-28.0167
1458,gold coast,Apr-11,2011,4,832.0,288.0,858.0,267.0,192240,187386,379626,27558,26353,53911,219798,213739,433537,153.4,-28.0167
1459,gold coast,Apr-12,2012,4,927.0,283.0,941.0,272.0,193298,198991,392289,30159,28698,58857,223457,227689,451146,153.4,-28.0167
1460,gold coast,Apr-13,2013,4,1131.0,194.0,1105.0,225.0,202809,210613,413422,34455,31352,65807,237264,241965,479229,153.4,-28.0167
1461,gold coast,Apr-14,2014,4,1067.0,265.0,1076.0,263.0,199982,201778,401760,35779,32787,68566,235761,234565,470326,153.4,-28.0167
1462,gold coast,Apr-15,2015,4,1002.0,292.0,1039.0,258.0,204814,211335,416149,37202,34068,71270,242016,245403,487419,153.4,-28.0167
1463,gold coast,Apr-16,2016,4,1120.0,212.0,1152.0,183.0,213036,219439,432475,45883,39557,85440,258919,258996,517915,153.4,-28.0167
1464,gold coast,Apr-17,2017,4,1041.0,325.0,1111.0,255.0,230176,233720,463896,48791,45433,94224,278967,279153,558120,153.4,-28.0167
1465,gold coast,Apr-18,2018,4,1111.0,292.0,1142.0,264.0,234754,242712,477466,48166,42169,90335,282920,284881,567801,153.4,-28.0167
1466,gold coast,Apr-19,2019,4,1092.0,289.0,1141.0,243.0,238715,240862,479577,41791,39330,81121,280506,280192,560698,153.4,-28.0167
1467,gold coast,Apr-20,2020,4,20.0,2.0,22.0,0.0,596,922,1518,0,0,0,596,922,1518,153.4,-28.0167
1468,gold coast,Apr-21,2021,4,1036.0,277.0,1079.0,234.0,197500,199954,397454,1797,2603,4400,199297,202557,401854,153.4,-28.0167
1469,gold coast,Apr-22,2022,4,942.0,692.0,960.0,676.0,270544,269351,539895,8060,7695,15755,278604,277046,555650,153.4,-28.0167
1470,gold coast,Apr-23,2023,4,821.0,494.0,840.0,478.0,229806,228478,458284,39214,36705,75919,269020,265183,534203,153.4,-28.0167
1471,gold coast,Aug-04,2004,8,819.0,131.0,834.0,118.0,118597,120184,238781,6273,6618,12891,124870,126802,251672,153.4,-28.0167
1472,gold coast,Aug-05,2005,8,851.0,124.0,868.0,107.0,133132,131014,264146,10430,10914,21344,143562,141928,285490,153.4,-28.0167
1473,gold coast,Aug-06,2006,8,886.0,118.0,930.0,74.0,142204,144126,286330,8496,8619,17115,150700,152745,303445,153.4,-28.0167
1474,gold coast,Aug-07,2007,8,824.0,228.0,873.0,184.0,154761,155047,309808,8932,8905,17837,163693,163952,327645,153.4,-28.0167
1475,gold coast,Aug-08,2008,8,913.0,226.0,943.0,199.0,172221,172941,345162,13320,13258,26578,185541,186199,371740,153.4,-28.0167
1476,gold coast,Aug-09,2009,8,1020.0,166.0,1052.0,133.0,179302,176975,356277,27415,29116,56531,206717,206091,412808,153.4,-28.0167
1477,gold coast,Aug-10,2010,8,1023.0,237.0,1038.0,224.0,193943,195166,389109,34085,37628,71713,228028,232794,460822,153.4,-28.0167
1478,gold coast,Aug-11,2011,8,843.0,215.0,852.0,212.0,180526,179493,360019,30677,31499,62176,211203,210992,422195,153.4,-28.0167
1479,gold coast,Aug-12,2012,8,1043.0,214.0,1057.0,199.0,193980,195043,389023,36010,37046,73056,229990,232089,462079,153.4,-28.0167
1480,gold coast,Aug-13,2013,8,1065.0,150.0,1053.0,165.0,197325,199710,397035,35168,36545,71713,232493,236255,468748,153.4,-28.0167
1481,gold coast,Aug-14,2014,8,1019.0,224.0,1033.0,209.0,199892,203361,403253,35563,37014,72577,235455,240375,475830,153.4,-28.0167
1482,gold coast,Aug-15,2015,8,1166.0,111.0,1181.0,100.0,205291,207141,412432,37253,37977,75230,242544,245118,487662,153.4,-28.0167
1483,gold coast,Aug-16,2016,8,1115.0,167.0,1152.0,132.0,210580,215272,425852,47794,48410,96204,258374,263682,522056,153.4,-28.0167
1484,gold coast,Aug-17,2017,8,994.0,230.0,1048.0,176.0,210013,214791,424804,45310,44960,90270,255323,259751,515074,153.4,-28.0167
1485,gold coast,Aug-18,2018,8,992.0,271.0,1022.0,245.0,222751,224919,447670,43070,42826,85896,265821,267745,533566,153.4,-28.0167
1486,gold coast,Aug-19,2019,8,931.0,336.0,975.0,290.0,222730,225565,448295,38835,39005,77840,261565,264570,526135,153.4,-28.0167
1487,gold coast,Aug-20,2020,8,38.0,4.0,39.0,3.0,4075,5636,9711,0,0,0,4075,5636,9711,153.4,-28.0167
1488,gold coast,Aug-21,2021,8,59.0,2.0,58.0,3.0,5901,6584,12485,0,0,0,5901,6584,12485,153.4,-28.0167
1489,gold coast,Aug-22,2022,8,875.0,435.0,919.0,396.0,216702,218038,434740,25503,25076,50579,242205,243114,485319,153.4,-28.0167
1490,gold coast,Aug-23,2023,8,924.0,353.0,956.0,325.0,218772,220353,439125,34098,33112,67210,252870,253465,506335,153.4,-28.0167
1491,gold coast,Dec-04,2004,12,825.0,169.0,845.0,154.0,122425,119627,242052,5401,6491,11892,127826,126118,253944,153.4,-28.0167
1492,gold coast,Dec-05,2005,12,908.0,148.0,915.0,143.0,148859,142032,290891,8875,9563,18438,157734,151595,309329,153.4,-28.0167
1493,gold coast,Dec-06,2006,12,929.0,146.0,931.0,144.0,150312,151717,302029,7837,8472,16309,158149,160189,318338,153.4,-28.0167
1494,gold coast,Dec-07,2007,12,814.0,315.0,816.0,320.0,176228,173168,349396,11860,14485,26345,188088,187653,375741,153.4,-28.0167
1495,gold coast,Dec-08,2008,12,919.0,254.0,983.0,204.0,173175,170268,343443,20801,23210,44011,193976,193478,387454,153.4,-28.0167
1496,gold coast,Dec-09,2009,12,941.0,181.0,959.0,163.0,179311,173742,353053,31049,34869,65918,210360,208611,418971,153.4,-28.0167
1497,gold coast,Dec-10,2010,12,968.0,442.0,950.0,468.0,214564,205921,420485,34186,42082,76268,248750,248003,496753,153.4,-28.0167
1498,gold coast,Dec-11,2011,12,990.0,264.0,1010.0,249.0,211701,198065,409766,31054,38503,69557,242755,236568,479323,153.4,-28.0167
1499,gold coast,Dec-12,2012,12,1122.0,298.0,1127.0,289.0,230683,222088,452771,39944,49548,89492,270627,271636,542263,153.4,-28.0167
1500,gold coast,Dec-13,2013,12,1121.0,273.0,1131.0,262.0,229436,219869,449305,39707,48291,87998,269143,268160,537303,153.4,-28.0167
1501,gold coast,Dec-14,2014,12,1114.0,290.0,1140.0,269.0,233645,224884,458529,38278,45981,84259,271923,270865,542788,153.4,-28.0167
1502,gold coast,Dec-15,2015,12,1137.0,324.0,1160.0,301.0,242367,230040,472407,45218,51494,96712,287585,281534,569119,153.4,-28.0167
1503,gold coast,Dec-16,2016,12,1081.0,364.0,1147.0,302.0,246168,236962,483130,48627,53957,102584,294795,290919,585714,153.4,-28.0167
1504,gold coast,Dec-17,2017,12,1020.0,399.0,1095.0,329.0,256458,245478,501936,48111,54377,102488,304569,299855,604424,153.4,-28.0167
1505,gold coast,Dec-18,2018,12,929.0,443.0,972.0,401.0,249216,238173,487389,41245,49804,91049,290461,287977,578438,153.4,-28.0167
1506,gold coast,Dec-19,2019,12,814.0,582.0,924.0,480.0,261555,244787,506342,45674,52629,98303,307229,297416,604645,153.4,-28.0167
1507,gold coast,Dec-20,2020,12,363.0,162.0,416.0,110.0,101843,86257,188100,0,0,0,101843,86257,188100,153.4,-28.0167
1508,gold coast,Dec-21,2021,12,593.0,218.0,600.0,215.0,119880,85001,204881,0,0,0,119880,85001,204881,153.4,-28.0167
1509,gold coast,Dec-22,2022,12,1002.0,432.0,997.0,435.0,243465,234968,478433,27094,28518,55612,270559,263486,534045,153.4,-28.0167
1510,gold coast,Feb-04,2004,2,599.0,52.0,596.0,56.0,91847,92046,183893,4569,4838,9407,96416,96884,193300,153.4,-28.0167
1511,gold coast,Feb-05,2005,2,752.0,127.0,756.0,124.0,117695,118550,236245,6263,6064,12327,123958,124614,248572,153.4,-28.0167
1512,gold coast,Feb-06,2006,2,798.0,86.0,773.0,111.0,122184,122877,245061,7273,8160,15433,129457,131037,260494,153.4,-28.0167
1513,gold coast,Feb-07,2007,2,817.0,139.0,818.0,137.0,139387,140736,280123,6084,6774,12858,145471,147510,292981,153.4,-28.0167
1514,gold coast,Feb-08,2008,2,854.0,261.0,796.0,325.0,172039,172211,344250,10812,10019,20831,182851,182230,365081,153.4,-28.0167
1515,gold coast,Feb-09,2009,2,710.0,280.0,800.0,195.0,154912,155895,310807,22327,20925,43252,177239,176820,354059,153.4,-28.0167
1516,gold coast,Feb-10,2010,2,950.0,192.0,963.0,179.0,181699,179840,361539,31244,31266,62510,212943,211106,424049,153.4,-28.0167
1517,gold coast,Feb-11,2011,2,672.0,381.0,718.0,339.0,168188,173197,341385,32924,31144,64068,201112,204341,405453,153.4,-28.0167
1518,gold coast,Feb-12,2012,2,864.0,253.0,843.0,274.0,176145,181526,357671,31505,29558,61063,207650,211084,418734,153.4,-28.0167
1519,gold coast,Feb-13,2013,2,742.0,371.0,777.0,346.0,176245,181560,357805,37372,33017,70389,213617,214577,428194,153.4,-28.0167
1520,gold coast,Feb-14,2014,2,988.0,125.0,972.0,140.0,175850,180341,356191,38138,35156,73294,213988,215497,429485,153.4,-28.0167
1521,gold coast,Feb-15,2015,2,911.0,143.0,910.0,146.0,176481,180128,356609,35098,32950,68048,211579,213078,424657,153.4,-28.0167
1522,gold coast,Feb-16,2016,2,1028.0,143.0,1041.0,132.0,197007,202951,399958,42775,36302,79077,239782,239253,479035,153.4,-28.0167
1523,gold coast,Feb-17,2017,2,874.0,265.0,908.0,233.0,190703,196827,387530,42614,36458,79072,233317,233285,466602,153.4,-28.0167
1524,gold coast,Feb-18,2018,2,889.0,215.0,919.0,183.0,198220,201132,399352,41025,37190,78215,239245,238322,477567,153.4,-28.0167
1525,gold coast,Feb-19,2019,2,839.0,232.0,886.0,183.0,190989,197259,388248,37158,33065,70223,228147,230324,458471,153.4,-28.0167
1526,gold coast,Feb-20,2020,2,700.0,414.0,735.0,377.0,185735,189523,375258,36789,32871,69660,222524,222394,444918,153.4,-28.0167
1527,gold coast,Feb-21,2021,2,433.0,29.0,434.0,27.0,78519,81407,159926,0,0,0,78519,81407,159926,153.4,-28.0167
1528,gold coast,Feb-22,2022,2,684.0,218.0,717.0,190.0,151862,151166,303028,301,124,425,152163,151290,303453,153.4,-28.0167
1529,gold coast,Feb-23,2023,2,783.0,359.0,790.0,351.0,188231,187276,375507,28225,26802,55027,216456,214078,430534,153.4,-28.0167
1530,gold coast,Jan-04,2004,1,627.0,139.0,628.0,142.0,117455,123164,240619,5066,4704,9770,122521,127868,250389,153.4,-28.0167
1531,gold coast,Jan-05,2005,1,848.0,185.0,894.0,141.0,142956,147919,290875,6037,5999,12036,148993,153918,302911,153.4,-28.0167
1532,gold coast,Jan-06,2006,1,915.0,145.0,1017.0,154.0,158953,165184,324137,9751,9457,19208,168704,174641,343345,153.4,-28.0167
1533,gold coast,Jan-07,2007,1,950.0,138.0,976.0,114.0,166569,168854,335423,9915,9226,19141,176484,178080,354564,153.4,-28.0167
1534,gold coast,Jan-08,2008,1,898.0,298.0,875.0,328.0,187923,191933,379856,14999,13704,28703,202922,205637,408559,153.4,-28.0167
1535,gold coast,Jan-09,2009,1,1011.0,246.0,1078.0,184.0,195206,199577,394783,27096,24424,51520,222302,224001,446303,153.4,-28.0167
1536,gold coast,Jan-10,2010,1,1137.0,123.0,1152.0,112.0,194353,200699,395052,34977,33841,68818,229330,234540,463870,153.4,-28.0167
1537,gold coast,Jan-11,2011,1,1093.0,450.0,1102.0,435.0,232797,249492,482289,41804,37522,79326,274601,287014,561615,153.4,-28.0167
1538,gold coast,Jan-12,2012,1,924.0,380.0,961.0,353.0,218113,225797,443910,37778,34394,72172,255891,260191,516082,153.4,-28.0167
1539,gold coast,Jan-13,2013,1,965.0,422.0,1010.0,381.0,227975,237676,465651,46240,41993,88233,274215,279669,553884,153.4,-28.0167
1540,gold coast,Jan-14,2014,1,1262.0,197.0,1285.0,171.0,233478,248687,482165,49373,43639,93012,282851,292326,575177,153.4,-28.0167
1541,gold coast,Jan-15,2015,1,1204.0,226.0,1244.0,201.0,228760,247455,476215,47430,40477,87907,276190,287932,564122,153.4,-28.0167
1542,gold coast,Jan-16,2016,1,1184.0,340.0,1242.0,288.0,247220,268967,516187,52344,43905,96249,299564,312872,612436,153.4,-28.0167
1543,gold coast,Jan-17,2017,1,1231.0,249.0,1316.0,166.0,249932,269342,519274,57691,46200,103891,307623,315542,623165,153.4,-28.0167
1544,gold coast,Jan-18,2018,1,1162.0,337.0,1206.0,293.0,262917,283349,546266,55665,47400,103065,318582,330749,649331,153.4,-28.0167
1545,gold coast,Jan-19,2019,1,1036.0,428.0,1137.0,329.0,262601,279573,542174,50028,45595,95623,312629,325168,637797,153.4,-28.0167
1546,gold coast,Jan-20,2020,1,762.0,667.0,952.0,479.0,262457,276137,538594,52235,47115,99350,314692,323252,637944,153.4,-28.0167
1547,gold coast,Jan-21,2021,1,482.0,60.0,503.0,40.0,86476,106520,192996,0,0,0,86476,106520,192996,153.4,-28.0167
1548,gold coast,Jan-22,2022,1,997.0,283.0,1082.0,196.0,182877,202648,385525,0,0,0,182877,202648,385525,153.4,-28.0167
1549,gold coast,Jan-23,2023,1,1145.0,381.0,1145.0,382.0,248670,261906,510576,32363,28659,61022,281033,290565,571598,153.4,-28.0167
1550,gold coast,Jul-04,2004,7,837.0,139.0,843.0,131.0,120613,121374,241987,6390,5798,12188,127003,127172,254175,153.4,-28.0167
1551,gold coast,Jul-05,2005,7,836.0,154.0,855.0,136.0,143596,143481,287077,10997,10163,21160,154593,153644,308237,153.4,-28.0167
1552,gold coast,Jul-06,2006,7,856.0,173.0,874.0,158.0,151730,151528,303258,9502,8701,18203,161232,160229,321461,153.4,-28.0167
1553,gold coast,Jul-07,2007,7,845.0,177.0,859.0,163.0,153338,151693,305031,9202,9031,18233,162540,160724,323264,153.4,-28.0167
1554,gold coast,Jul-08,2008,7,943.0,333.0,933.0,345.0,184991,184190,369181,15357,14199,29556,200348,198389,398737,153.4,-28.0167
1555,gold coast,Jul-09,2009,7,1009.0,181.0,1034.0,156.0,182386,181734,364120,25121,23157,48278,207507,204891,412398,153.4,-28.0167
1556,gold coast,Jul-10,2010,7,1089.0,321.0,1096.0,316.0,208794,210106,418900,33974,29982,63956,242768,240088,482856,153.4,-28.0167
1557,gold coast,Jul-11,2011,7,807.0,327.0,829.0,303.0,197540,193552,391092,28041,25173,53214,225581,218725,444306,153.4,-28.0167
1558,gold coast,Jul-12,2012,7,1040.0,270.0,1033.0,283.0,203728,206186,409914,40614,34658,75272,244342,240844,485186,153.4,-28.0167
1559,gold coast,Jul-13,2013,7,1008.0,273.0,995.0,290.0,211763,213706,425469,38532,32125,70657,250295,245831,496126,153.4,-28.0167
1560,gold coast,Jul-14,2014,7,1134.0,171.0,1107.0,208.0,213989,214951,428940,41936,35206,77142,255925,250157,506082,153.4,-28.0167
1561,gold coast,Jul-15,2015,7,1099.0,251.0,1124.0,225.0,223508,227796,451304,49303,40515,89818,272811,268311,541122,153.4,-28.0167
1562,gold coast,Jul-16,2016,7,1050.0,342.0,1082.0,309.0,232007,236570,468577,59466,47514,106980,291473,284084,575557,153.4,-28.0167
1563,gold coast,Jul-17,2017,7,1009.0,358.0,1059.0,310.0,240788,238372,479160,53245,42828,96073,294033,281200,575233,153.4,-28.0167
1564,gold coast,Jul-18,2018,7,911.0,409.0,967.0,355.0,238435,239301,477736,50439,43182,93621,288874,282483,571357,153.4,-28.0167
1565,gold coast,Jul-19,2019,7,906.0,475.0,972.0,414.0,247576,248958,496534,46702,39113,85815,294278,288071,582349,153.4,-28.0167
1566,gold coast,Jul-20,2020,7,100.0,22.0,108.0,14.0,21997,19649,41646,0,0,0,21997,19649,41646,153.4,-28.0167
1567,gold coast,Jul-21,2021,7,364.0,22.0,365.0,24.0,43177,52264,95441,4205,5438,9643,47382,57702,105084,153.4,-28.0167
1568,gold coast,Jul-22,2022,7,670.0,663.0,699.0,633.0,243878,245747,489625,26229,22633,48862,270107,268380,538487,153.4,-28.0167
1569,gold coast,Jul-23,2023,7,874.0,477.0,918.0,436.0,238507,241729,480236,43785,36661,80446,282292,278390,560682,153.4,-28.0167
1570,gold coast,Jun-04,2004,6,837.0,72.0,846.0,63.0,108343,108954,217297,5870,5691,11561,114213,114645,228858,153.4,-28.0167
1571,gold coast,Jun-05,2005,6,802.0,120.0,817.0,115.0,119289,116927,236216,8528,8349,16877,127817,125276,253093,153.4,-28.0167
1572,gold coast,Jun-06,2006,6,812.0,193.0,838.0,166.0,129558,125754,255312,7122,6259,13381,136680,132013,268693,153.4,-28.0167
1573,gold coast,Jun-07,2007,6,779.0,227.0,771.0,236.0,135250,132959,268209,8579,7652,16231,143829,140611,284440,153.4,-28.0167
1574,gold coast,Jun-08,2008,6,932.0,294.0,914.0,313.0,163229,161766,324995,12092,11993,24085,175321,173759,349080,153.4,-28.0167
1575,gold coast,Jun-09,2009,6,876.0,226.0,904.0,198.0,156077,153760,309837,20573,21830,42403,176650,175590,352240,153.4,-28.0167
1576,gold coast,Jun-10,2010,6,959.0,263.0,990.0,231.0,181333,177531,358864,27027,28564,55591,208360,206095,414455,153.4,-28.0167
1577,gold coast,Jun-11,2011,6,794.6700000000001,228.32999999999998,809.3,215.7,164516,161764,326280,21118,23467,44585,185634,185231,370865,153.4,-28.0167
1578,gold coast,Jun-12,2012,6,887.0,199.0,900.0,188.0,173581,169033,342614,29426,32750,62176,203007,201783,404790,153.4,-28.0167
1579,gold coast,Jun-13,2013,6,920.0,219.0,922.0,219.0,178104,177383,355487,29774,33248,63022,207878,210631,418509,153.4,-28.0167
1580,gold coast,Jun-14,2014,6,974.0,207.0,967.0,215.0,176731,174501,351232,31391,34036,65427,208122,208537,416659,153.4,-28.0167
1581,gold coast,Jun-15,2015,6,1066.0,145.0,1071.0,143.0,186821,179078,365899,32051,36170,68221,218872,215248,434120,153.4,-28.0167
1582,gold coast,Jun-16,2016,6,941.0,246.0,942.0,247.0,195060,186355,381415,40144,43653,83797,235204,230008,465212,153.4,-28.0167
1583,gold coast,Jun-17,2017,6,970.0,225.0,1027.0,167.0,198253,192782,391035,39900,41871,81771,238153,234653,472806,153.4,-28.0167
1584,gold coast,Jun-18,2018,6,846.0,318.0,864.0,304.0,198752,191807,390559,39070,41285,80355,237822,233092,470914,153.4,-28.0167
1585,gold coast,Jun-19,2019,6,903.0,314.0,951.0,271.0,203236,198016,401252,34422,37429,71851,237658,235445,473103,153.4,-28.0167
1586,gold coast,Jun-20,2020,6,18.0,4.0,20.0,2.0,2252,2837,5089,0,0,0,2252,2837,5089,153.4,-28.0167
1587,gold coast,Jun-21,2021,6,741.0,123.0,758.0,106.0,119201,117418,236619,8198,7736,15934,127399,125154,252553,153.4,-28.0167
1588,gold coast,Jun-22,2022,6,830.0,526.0,860.0,498.0,231105,221148,452253,15210,16385,31595,246315,237533,483848,153.4,-28.0167
1589,gold coast,Jun-23,2023,6,843.0,358.0,847.0,355.0,209560,201489,411049,35099,37464,72563,244659,238953,483612,153.4,-28.0167
1590,gold coast,Mar-04,2004,3,649.0,56.0,651.0,56.0,97526,97617,195143,5519,5198,10717,103045,102815,205860,153.4,-28.0167
1591,gold coast,Mar-05,2005,3,828.0,138.0,858.0,113.0,133934,132698,266632,7424,8000,15424,141358,140698,282056,153.4,-28.0167
1592,gold coast,Mar-06,2006,3,875.0,108.0,870.0,113.0,133373,131014,264387,8435,8245,16680,141808,139259,281067,153.4,-28.0167
1593,gold coast,Mar-07,2007,3,890.0,174.0,903.0,162.0,154028,155149,309177,7704,6928,14632,161732,162077,323809,153.4,-28.0167
1594,gold coast,Mar-08,2008,3,954.0,256.0,923.0,288.0,189370,188743,378113,11725,10663,22388,201095,199406,400501,153.4,-28.0167
1595,gold coast,Mar-09,2009,3,940.0,204.0,990.0,155.0,176763,175727,352490,24079,23976,48055,200842,199703,400545,153.4,-28.0167
1596,gold coast,Mar-10,2010,3,1107.0,186.0,1097.0,197.0,198637,194526,393163,35150,36218,71368,233787,230744,464531,153.4,-28.0167
1597,gold coast,Mar-11,2011,3,901.0,319.0,935.0,282.0,185830,187395,373225,32255,30531,62786,218085,217926,436011,153.4,-28.0167
1598,gold coast,Mar-12,2012,3,900.0,302.0,925.0,278.0,198257,194928,393185,31081,32987,64068,229338,227915,457253,153.4,-28.0167
1599,gold coast,Mar-13,2013,3,917.0,353.0,944.0,330.0,201349,198297,399646,37409,39839,77248,238758,238136,476894,153.4,-28.0167
1600,gold coast,Mar-14,2014,3,1083.0,227.0,1079.0,232.0,196731,198767,395498,37933,37464,75397,234664,236231,470895,153.4,-28.0167
1601,gold coast,Mar-15,2015,3,1087.0,153.0,1104.0,143.0,201680,198263,399943,37413,35449,72862,239093,233712,472805,153.4,-28.0167
1602,gold coast,Mar-16,2016,3,1053.0,254.0,1091.0,217.0,219004,218426,437430,46336,44337,90673,265340,262763,528103,153.4,-28.0167
1603,gold coast,Mar-17,2017,3,803.0,442.0,907.0,343.0,215154,212372,427526,44795,42345,87140,259949,254717,514666,153.4,-28.0167
1604,gold coast,Mar-18,2018,3,1015.0,276.0,1051.0,242.0,229124,222321,451445,44258,44035,88293,273382,266356,539738,153.4,-28.0167
1605,gold coast,Mar-19,2019,3,853.0,340.0,903.0,295.0,213949,211594,425543,37533,36254,73787,251482,247848,499330,153.4,-28.0167
1606,gold coast,Mar-20,2020,3,609.0,190.0,647.0,149.0,127307,137163,264470,20412,18038,38450,147719,155201,302920,153.4,-28.0167
1607,gold coast,Mar-21,2021,3,675.0,113.0,684.0,109.0,142324,138815,281139,0,0,0,142324,138815,281139,153.4,-28.0167
1608,gold coast,Mar-22,2022,3,833.0,398.0,880.0,355.0,196849,199365,396214,2983,3031,6014,199832,202396,402228,153.4,-28.0167
1609,gold coast,Mar-23,2023,3,815.0,425.0,832.0,412.0,211524,213378,424902,30936,30210,61146,242460,243588,486048,153.4,-28.0167
1610,gold coast,May-04,2004,5,730.0,75.0,742.0,65.0,100764,100700,201464,5667,5405,11072,106431,106105,212536,153.4,-28.0167
1611,gold coast,May-05,2005,5,866.0,86.0,872.0,80.0,121751,122623,244374,7901,7419,15320,129652,130042,259694,153.4,-28.0167
1612,gold coast,May-06,2006,5,914.0,98.0,928.0,84.0,120690,122955,243645,6573,6558,13131,127263,129513,256776,153.4,-28.0167
1613,gold coast,May-07,2007,5,932.0,138.0,950.0,119.0,138302,138719,277021,7312,6950,14262,145614,145669,291283,153.4,-28.0167
1614,gold coast,May-08,2008,5,1105.0,187.0,1068.0,226.0,170327,169308,339635,12431,11993,24424,182758,181301,364059,153.4,-28.0167
1615,gold coast,May-09,2009,5,964.0,180.0,985.0,165.0,165641,166003,331644,23809,25504,49313,189450,191507,380957,153.4,-28.0167
1616,gold coast,May-10,2010,5,1044.0,202.0,1046.0,199.0,181410,182011,363421,26191,28175,54366,207601,210186,417787,153.4,-28.0167
1617,gold coast,May-11,2011,5,897.0,224.0,916.0,203.0,170531,173866,344397,26231,27520,53751,196762,201386,398148,153.4,-28.0167
1618,gold coast,May-12,2012,5,922.0,176.0,922.0,177.0,169383,168416,337799,24579,24653,49232,193962,193069,387031,153.4,-28.0167
1619,gold coast,May-13,2013,5,894.0,185.0,897.0,185.0,170309,172736,343045,30224,30757,60981,200533,203493,404026,153.4,-28.0167
1620,gold coast,May-14,2014,5,1033.0,148.0,1026.0,157.0,176988,177180,354168,31216,29173,60389,208204,206353,414557,153.4,-28.0167
1621,gold coast,May-15,2015,5,1024.0,147.0,1039.0,132.0,182778,184034,366812,34086,31677,65763,216864,215711,432575,153.4,-28.0167
1622,gold coast,May-16,2016,5,1037.0,157.0,1052.0,141.0,190164,193810,383974,40725,37346,78071,230889,231156,462045,153.4,-28.0167
1623,gold coast,May-17,2017,5,908.0,242.0,963.0,187.0,197532,199078,396610,40980,37658,78638,238512,236736,475248,153.4,-28.0167
1624,gold coast,May-18,2018,5,926.0,208.0,957.0,177.0,195129,197669,392798,38091,36695,74786,233220,234364,467584,153.4,-28.0167
1625,gold coast,May-19,2019,5,998.0,245.0,1052.0,191.0,202593,203317,405910,33718,31341,65059,236311,234658,470969,153.4,-28.0167
1626,gold coast,May-21,2021,5,1000.0,194.0,1010.0,183.0,186483,185124,371607,7460,6807,14267,193943,191931,385874,153.4,-28.0167
1627,gold coast,May-22,2022,5,911.0,551.0,900.0,563.0,217755,220808,438563,9571,8649,18220,227326,229457,456783,153.4,-28.0167
1628,gold coast,May-23,2023,5,880.0,335.0,915.0,303.0,205362,205698,411060,32887,30946,63833,238249,236644,474893,153.4,-28.0167
1629,gold coast,Nov-04,2004,11,747.0,154.0,768.0,136.0,114316,116280,230596,4389,5269,9658,118705,121549,240254,153.4,-28.0167
1630,gold coast,Nov-05,2005,11,814.0,134.0,802.0,146.0,134410,136466,270876,5985,6939,12924,140395,143405,283800,153.4,-28.0167
1631,gold coast,Nov-06,2006,11,817.0,199.0,835.0,185.0,147021,148381,295402,6352,6957,13309,153373,155338,308711,153.4,-28.0167
1632,gold coast,Nov-07,2007,11,772.0,316.0,794.0,294.0,164695,165832,330527,9607,9760,19367,174302,175592,349894,153.4,-28.0167
1633,gold coast,Nov-08,2008,11,873.0,269.0,931.0,213.0,167421,171418,338839,16681,16336,33017,184102,187754,371856,153.4,-28.0167
1634,gold coast,Nov-09,2009,11,970.0,143.0,966.0,147.0,178007,179600,357607,30037,32235,62272,208044,211835,419879,153.4,-28.0167
1635,gold coast,Nov-10,2010,11,1009.0,281.0,1007.0,282.0,200935,204002,404937,30669,35394,66063,231604,239396,471000,153.4,-28.0167
1636,gold coast,Nov-11,2011,11,859.0,278.0,887.0,248.0,192047,193521,385568,28281,30597,58878,220328,224118,444446,153.4,-28.0167
1637,gold coast,Nov-12,2012,11,1051.0,258.0,1066.0,245.0,213335,215989,429324,35806,36323,72129,249141,252312,501453,153.4,-28.0167
1638,gold coast,Nov-13,2013,11,904.0,318.0,895.0,329.0,197351,201785,399136,33713,34421,68134,231064,236206,467270,153.4,-28.0167
1639,gold coast,Nov-14,2014,11,1062.0,165.0,1087.0,142.0,205695,206609,412304,33719,35565,69284,239414,242174,481588,153.4,-28.0167
1640,gold coast,Nov-15,2015,11,1028.0,263.0,1020.0,272.0,212679,218157,430836,38050,40108,78158,250729,258265,508994,153.4,-28.0167
1641,gold coast,Nov-16,2016,11,955.0,313.0,1010.0,260.0,217585,221922,439507,41995,42664,84659,259580,264586,524166,153.4,-28.0167
1642,gold coast,Nov-17,2017,11,960.0,310.0,1015.0,257.0,226173,228215,454388,41391,43142,84533,267564,271357,538921,153.4,-28.0167
1643,gold coast,Nov-18,2018,11,850.0,366.0,881.0,339.0,223284,223640,446924,35905,37921,73826,259189,261561,520750,153.4,-28.0167
1644,gold coast,Nov-19,2019,11,789.0,459.0,882.0,369.0,225477,231244,456721,34509,35596,70105,259986,266840,526826,153.4,-28.0167
1645,gold coast,Nov-20,2020,11,44.0,10.0,49.0,5.0,17802,18453,36255,0,0,0,17802,18453,36255,153.4,-28.0167
1646,gold coast,Nov-22,2022,11,831.0,504.0,831.0,506.0,231294,233057,464351,28108,29278,57386,259402,262335,521737,153.4,-28.0167
1647,gold coast,Nov-23,2023,11,733.0,544.0,799.0,472.0,229172,231813,460985,25198,26729,51927,254370,258542,512912,153.4,-28.0167
1648,gold coast,Oct-04,2004,10,740.0,215.0,777.0,177.0,126616,128888,255504,6392,6373,12765,133008,135261,268269,153.4,-28.0167
1649,gold coast,Oct-05,2005,10,850.0,146.0,851.0,146.0,150219,153029,303248,9899,11501,21400,160118,164530,324648,153.4,-28.0167
1650,gold coast,Oct-06,2006,10,898.0,171.0,936.0,132.0,162074,164517,326591,7412,8162,15574,169486,172679,342165,153.4,-28.0167
1651,gold coast,Oct-07,2007,10,861.0,266.0,908.0,224.0,173982,174415,348397,7915,8658,16573,181897,183073,364970,153.4,-28.0167
1652,gold coast,Oct-08,2008,10,806.0,289.0,886.0,210.0,175844,177533,353377,18505,16423,34928,194349,193956,388305,153.4,-28.0167
1653,gold coast,Oct-09,2009,10,946.0,226.0,973.0,198.0,193845,197470,391315,30399,31251,61650,224244,228721,452965,153.4,-28.0167
1654,gold coast,Oct-10,2010,10,957.0,371.0,1011.0,331.0,207738,213135,420873,33635,33355,66990,241373,246490,487863,153.4,-28.0167
1655,gold coast,Oct-11,2011,10,885.0,270.0,933.0,221.0,201561,206303,407864,31390,28441,59831,232951,234744,467695,153.4,-28.0167
1656,gold coast,Oct-12,2012,10,1104.0,270.0,1128.0,245.0,226551,236294,462845,39394,36229,75623,265945,272523,538468,153.4,-28.0167
1657,gold coast,Oct-13,2013,10,985.0,366.0,1011.0,353.0,229553,237503,467056,38248,34129,72377,267801,271632,539433,153.4,-28.0167
1658,gold coast,Oct-14,2014,10,1175.0,210.0,1197.0,185.0,235350,240190,475540,38397,34072,72469,273747,274262,548009,153.4,-28.0167
1659,gold coast,Oct-15,2015,10,1162.0,231.0,1159.0,234.0,236242,241794,478036,45123,40934,86057,281365,282728,564093,153.4,-28.0167
1660,gold coast,Oct-16,2016,10,1110.0,302.0,1157.0,260.0,241097,246926,488023,48289,44655,92944,289386,291581,580967,153.4,-28.0167
1661,gold coast,Oct-17,2017,10,961.0,414.0,1050.0,325.0,240741,252165,492906,49333,44902,94235,290074,297067,587141,153.4,-28.0167
1662,gold coast,Oct-18,2018,10,954.0,422.0,1003.0,375.0,239357,247668,487025,44146,42429,86575,283503,290097,573600,153.4,-28.0167
1663,gold coast,Oct-19,2019,10,876.0,514.0,1011.0,376.0,255381,265431,520812,40033,37218,77251,295414,302649,598063,153.4,-28.0167
1664,gold coast,Oct-20,2020,10,29.0,2.0,28.0,3.0,16042,15400,31442,0,0,0,16042,15400,31442,153.4,-28.0167
1665,gold coast,Oct-22,2022,10,834.0,550.0,893.0,489.0,237083,237880,474963,27812,26387,54199,264895,264267,529162,153.4,-28.0167
1666,gold coast,Oct-23,2023,10,888.0,470.0,927.0,433.0,240543,246162,486705,36152,33809,69961,276695,279971,556666,153.4,-28.0167
1667,gold coast,Sep-04,2004,9,706.0,218.0,746.0,179.0,120639,118801,239440,6353,6948,13301,126992,125749,252741,153.4,-28.0167
1668,gold coast,Sep-05,2005,9,863.0,120.0,880.0,102.0,143969,138770,282739,10735,10773,21508,154704,149543,304247,153.4,-28.0167
1669,gold coast,Sep-06,2006,9,850.0,166.0,868.0,150.0,152204,151995,304199,9361,9849,19210,161565,161844,323409,153.4,-28.0167
1670,gold coast,Sep-07,2007,9,901.0,193.0,928.0,166.0,164030,161410,325440,9567,9740,19307,173597,171150,344747,153.4,-28.0167
1671,gold coast,Sep-08,2008,9,800.0,272.0,852.0,224.0,172240,167446,339686,14060,13564,27624,186300,181010,367310,153.4,-28.0167
1672,gold coast,Sep-09,2009,9,936.0,219.0,986.0,184.0,188200,182860,371060,30521,31368,61889,218721,214228,432949,153.4,-28.0167
1673,gold coast,Sep-10,2010,9,1046.0,270.0,1034.0,286.0,211674,201192,412866,32551,35732,68283,244225,236924,481149,153.4,-28.0167
1674,gold coast,Sep-11,2011,9,885.0,215.0,923.0,176.0,194819,184970,379789,24972,28808,53780,219791,213778,433569,153.4,-28.0167
1675,gold coast,Sep-12,2012,9,1084.0,254.0,1102.0,236.0,227752,215788,443540,33105,38179,71284,260857,253967,514824,153.4,-28.0167
1676,gold coast,Sep-13,2013,9,1091.0,225.0,1056.0,265.0,220798,208414,429212,32323,36023,68346,253121,244437,497558,153.4,-28.0167
1677,gold coast,Sep-14,2014,9,1105.0,204.0,1122.0,190.0,219163,209110,428273,33293,35862,69155,252456,244972,497428,153.4,-28.0167
1678,gold coast,Sep-15,2015,9,1178.0,216.0,1196.0,202.0,233558,221191,454749,40579,42342,82921,274137,263533,537670,153.4,-28.0167
1679,gold coast,Sep-16,2016,9,1104.0,276.0,1108.0,272.0,236038,225191,461229,48322,48558,96880,284360,273749,558109,153.4,-28.0167
1680,gold coast,Sep-17,2017,9,972.0,333.0,1029.0,281.0,236713,223207,459920,43479,44284,87763,280192,267491,547683,153.4,-28.0167
1681,gold coast,Sep-18,2018,9,1028.0,277.0,1061.0,241.0,232596,223958,456554,38337,40845,79182,270933,264803,535736,153.4,-28.0167
1682,gold coast,Sep-19,2019,9,903.0,411.0,976.0,341.0,241442,230758,472200,36132,37885,74017,277574,268643,546217,153.4,-28.0167
1683,gold coast,Sep-20,2020,9,21.0,1.0,22.0,0.0,10057,10035,20092,0,284,284,10057,10319,20376,153.4,-28.0167
1684,gold coast,Sep-21,2021,9,43.0,2.0,44.0,1.0,12427,12573,25000,0,0,0,12427,12573,25000,153.4,-28.0167
1685,gold coast,Sep-22,2022,9,794.0,527.0,866.0,461.0,232538,227367,459905,26255,26290,52545,258793,253657,512450,153.4,-28.0167
1686,gold coast,Sep-23,2023,9,848.0,482.0,893.0,437.0,244452,236402,480854,36804,37399,74203,281256,273801,555057,153.4,-28.0167
1687,hamilton island,Apr-06,2006,4,49.0,11.0,51.0,9.0,19468,19580,39048,0,0,0,19468,19580,39048,148.957,-20.3517
1688,hamilton island,Apr-07,2007,4,56.0,4.0,55.0,5.0,18474,18652,37126,0,0,0,18474,18652,37126,148.957,-20.3517
1689,hamilton island,Apr-08,2008,4,56.0,4.0,56.0,4.0,17774,18171,35945,0,0,0,17774,18171,35945,148.957,-20.3517
1690,hamilton island,Apr-09,2009,4,45.0,15.0,48.0,12.0,17439,17532,34971,0,0,0,17439,17532,34971,148.957,-20.3517
1691,hamilton island,Apr-10,2010,4,98.0,20.0,102.0,16.0,19470,19653,39123,0,0,0,19470,19653,39123,148.957,-20.3517
1692,hamilton island,Apr-11,2011,4,92.0,26.0,96.0,22.0,19114,18848,37962,0,0,0,19114,18848,37962,148.957,-20.3517
1693,hamilton island,Apr-12,2012,4,81.0,27.0,84.0,24.0,18323,18765,37088,0,0,0,18323,18765,37088,148.957,-20.3517
1694,hamilton island,Apr-13,2013,4,73.0,33.0,81.0,25.0,17849,18928,36777,0,0,0,17849,18928,36777,148.957,-20.3517
1695,hamilton island,Apr-14,2014,4,120.0,17.0,123.0,13.0,18407,18367,36774,0,0,0,18407,18367,36774,148.957,-20.3517
1696,hamilton island,Apr-15,2015,4,109.0,33.0,121.0,22.0,18567,19125,37692,0,0,0,18567,19125,37692,148.957,-20.3517
1697,hamilton island,Apr-16,2016,4,124.0,41.0,145.0,19.0,21842,22714,44556,0,0,0,21842,22714,44556,148.957,-20.3517
1698,hamilton island,Apr-17,2017,4,104.0,7.0,105.0,5.0,8954,7837,16791,0,0,0,8954,7837,16791,148.957,-20.3517
1699,hamilton island,Apr-18,2018,4,113.0,20.0,117.0,16.0,15867,16890,32757,0,0,0,15867,16890,32757,148.957,-20.3517
1700,hamilton island,Apr-19,2019,4,106.0,28.0,104.0,30.0,18466,18217,36683,0,0,0,18466,18217,36683,148.957,-20.3517
1701,hamilton island,Apr-21,2021,4,125.0,35.0,143.0,19.0,20772,20463,41235,0,0,0,20772,20463,41235,148.957,-20.3517
1702,hamilton island,Apr-22,2022,4,122.0,64.0,146.0,40.0,22722,22756,45478,0,0,0,22722,22756,45478,148.957,-20.3517
1703,hamilton island,Apr-23,2023,4,83.0,63.0,110.0,37.0,21237,21644,42881,0,0,0,21237,21644,42881,148.957,-20.3517
1704,hamilton island,Aug-06,2006,8,60.0,3.0,59.0,4.0,19189,18927,38116,0,0,0,19189,18927,38116,148.957,-20.3517
1705,hamilton island,Aug-07,2007,8,47.0,15.0,50.0,12.0,20773,19860,40633,0,0,0,20773,19860,40633,148.957,-20.3517
1706,hamilton island,Aug-08,2008,8,55.0,7.0,55.0,7.0,17420,17276,34696,0,0,0,17420,17276,34696,148.957,-20.3517
1707,hamilton island,Aug-09,2009,8,55.0,10.0,60.0,5.0,20162,20478,40640,0,0,0,20162,20478,40640,148.957,-20.3517
1708,hamilton island,Aug-10,2010,8,96.0,27.0,95.0,27.0,20111,20047,40158,0,0,0,20111,20047,40158,148.957,-20.3517
1709,hamilton island,Aug-11,2011,8,102.0,24.0,106.0,20.0,19876,19779,39655,0,0,0,19876,19779,39655,148.957,-20.3517
1710,hamilton island,Aug-12,2012,8,78.0,32.0,91.0,19.0,18029,17452,35481,0,0,0,18029,17452,35481,148.957,-20.3517
1711,hamilton island,Aug-13,2013,8,93.0,16.0,101.0,8.0,20422,19647,40069,0,0,0,20422,19647,40069,148.957,-20.3517
1712,hamilton island,Aug-14,2014,8,120.0,32.0,136.0,19.0,21538,21307,42845,0,0,0,21538,21307,42845,148.957,-20.3517
1713,hamilton island,Aug-15,2015,8,94.0,26.0,107.0,14.0,21042,21156,42198,0,0,0,21042,21156,42198,148.957,-20.3517
1714,hamilton island,Aug-16,2016,8,141.0,44.0,153.0,32.0,22826,23024,45850,0,0,0,22826,23024,45850,148.957,-20.3517
1715,hamilton island,Aug-17,2017,8,137.0,21.0,140.0,18.0,17459,17375,34834,0,0,0,17459,17375,34834,148.957,-20.3517
1716,hamilton island,Aug-18,2018,8,99.0,35.0,107.0,28.0,18498,18441,36939,0,0,0,18498,18441,36939,148.957,-20.3517
1717,hamilton island,Aug-19,2019,8,91.0,38.0,99.0,30.0,19838,19645,39483,0,0,0,19838,19645,39483,148.957,-20.3517
1718,hamilton island,Aug-20,2020,8,58.0,4.0,57.0,5.0,4259,3940,8199,0,0,0,4259,3940,8199,148.957,-20.3517
1719,hamilton island,Aug-21,2021,8,62.0,3.0,61.0,4.0,4340,4691,9031,0,0,0,4340,4691,9031,148.957,-20.3517
1720,hamilton island,Aug-22,2022,8,94.0,43.0,112.0,28.0,19831,20154,39985,0,0,0,19831,20154,39985,148.957,-20.3517
1721,hamilton island,Aug-23,2023,8,94.0,42.0,100.0,37.0,20181,20074,40255,0,0,0,20181,20074,40255,148.957,-20.3517
1722,hamilton island,Dec-05,2005,12,75.0,7.0,76.0,6.0,19426,18114,37540,0,0,0,19426,18114,37540,148.957,-20.3517
1723,hamilton island,Dec-06,2006,12,58.0,4.0,58.0,4.0,20339,19288,39627,0,0,0,20339,19288,39627,148.957,-20.3517
1724,hamilton island,Dec-07,2007,12,54.0,8.0,52.0,10.0,20736,19989,40725,0,0,0,20736,19989,40725,148.957,-20.3517
1725,hamilton island,Dec-08,2008,12,53.0,9.0,57.0,5.0,19144,18117,37261,0,0,0,19144,18117,37261,148.957,-20.3517
1726,hamilton island,Dec-09,2009,12,108.0,14.0,106.0,16.0,21234,20414,41648,0,0,0,21234,20414,41648,148.957,-20.3517
1727,hamilton island,Dec-10,2010,12,80.0,41.0,82.0,38.0,22647,21194,43841,0,0,0,22647,21194,43841,148.957,-20.3517
1728,hamilton island,Dec-11,2011,12,95.0,29.0,97.0,27.0,21111,19668,40779,0,0,0,21111,19668,40779,148.957,-20.3517
1729,hamilton island,Dec-12,2012,12,76.0,36.0,87.0,25.0,21496,20261,41757,0,0,0,21496,20261,41757,148.957,-20.3517
1730,hamilton island,Dec-13,2013,12,96.0,15.0,103.0,7.0,23009,21951,44960,0,0,0,23009,21951,44960,148.957,-20.3517
1731,hamilton island,Dec-14,2014,12,135.0,26.0,144.0,17.0,22916,21701,44617,0,0,0,22916,21701,44617,148.957,-20.3517
1732,hamilton island,Dec-15,2015,12,132.0,38.0,141.0,29.0,23727,21671,45398,0,0,0,23727,21671,45398,148.957,-20.3517
1733,hamilton island,Dec-16,2016,12,174.0,39.0,185.0,28.0,26315,24479,50794,0,0,0,26315,24479,50794,148.957,-20.3517
1734,hamilton island,Dec-17,2017,12,122.0,24.0,125.0,21.0,20167,19063,39230,0,0,0,20167,19063,39230,148.957,-20.3517
1735,hamilton island,Dec-18,2018,12,94.0,49.0,106.0,38.0,20924,19699,40623,0,0,0,20924,19699,40623,148.957,-20.3517
1736,hamilton island,Dec-19,2019,12,112.0,37.0,122.0,28.0,23078,21022,44100,0,0,0,23078,21022,44100,148.957,-20.3517
1737,hamilton island,Dec-20,2020,12,132.0,11.0,130.0,13.0,14690,13664,28354,0,0,0,14690,13664,28354,148.957,-20.3517
1738,hamilton island,Dec-21,2021,12,120.0,25.0,130.0,16.0,17026,14663,31689,0,0,0,17026,14663,31689,148.957,-20.3517
1739,hamilton island,Dec-22,2022,12,87.0,61.0,99.0,49.0,22644,21576,44220,0,0,0,22644,21576,44220,148.957,-20.3517
1740,hamilton island,Feb-06,2006,2,55.0,1.0,55.0,1.0,14350,14356,28706,0,0,0,14350,14356,28706,148.957,-20.3517
1741,hamilton island,Feb-07,2007,2,43.0,9.0,44.0,9.0,14902,14838,29740,0,0,0,14902,14838,29740,148.957,-20.3517
1742,hamilton island,Feb-08,2008,2,43.0,15.0,47.0,11.0,15261,15231,30492,0,0,0,15261,15231,30492,148.957,-20.3517
1743,hamilton island,Feb-09,2009,2,43.0,12.0,50.0,8.0,13441,13381,26822,0,0,0,13441,13381,26822,148.957,-20.3517
1744,hamilton island,Feb-10,2010,2,100.0,9.0,100.0,9.0,16794,16718,33512,0,0,0,16794,16718,33512,148.957,-20.3517
1745,hamilton island,Feb-11,2011,2,72.0,26.0,77.0,22.0,12751,12155,24906,0,0,0,12751,12155,24906,148.957,-20.3517
1746,hamilton island,Feb-12,2012,2,83.0,20.0,81.0,22.0,13543,13827,27370,0,0,0,13543,13827,27370,148.957,-20.3517
1747,hamilton island,Feb-13,2013,2,59.0,33.0,65.0,27.0,15268,15134,30402,0,0,0,15268,15134,30402,148.957,-20.3517
1748,hamilton island,Feb-14,2014,2,100.0,15.0,102.0,13.0,17279,17282,34561,0,0,0,17279,17282,34561,148.957,-20.3517
1749,hamilton island,Feb-15,2015,2,105.0,17.0,108.0,14.0,18129,17566,35695,0,0,0,18129,17566,35695,148.957,-20.3517
1750,hamilton island,Feb-16,2016,2,123.0,25.0,138.0,10.0,20744,20562,41306,0,0,0,20744,20562,41306,148.957,-20.3517
1751,hamilton island,Feb-17,2017,2,139.0,20.0,143.0,16.0,19690,20718,40408,0,0,0,19690,20718,40408,148.957,-20.3517
1752,hamilton island,Feb-18,2018,2,95.0,19.0,100.0,14.0,16593,16666,33259,0,0,0,16593,16666,33259,148.957,-20.3517
1753,hamilton island,Feb-19,2019,2,87.0,27.0,90.0,24.0,15354,15844,31198,0,0,0,15354,15844,31198,148.957,-20.3517
1754,hamilton island,Feb-20,2020,2,97.0,26.0,101.0,24.0,14231,14505,28736,0,0,0,14231,14505,28736,148.957,-20.3517
1755,hamilton island,Feb-21,2021,2,82.0,12.0,87.0,7.0,11631,10806,22437,0,0,0,11631,10806,22437,148.957,-20.3517
1756,hamilton island,Feb-22,2022,2,71.0,42.0,89.0,24.0,16502,16129,32631,0,0,0,16502,16129,32631,148.957,-20.3517
1757,hamilton island,Feb-23,2023,2,80.0,40.0,90.0,30.0,15672,16084,31756,0,0,0,15672,16084,31756,148.957,-20.3517
1758,hamilton island,Jan-06,2006,1,78.0,3.0,79.0,2.0,21321,23776,45097,0,0,0,21321,23776,45097,148.957,-20.3517
1759,hamilton island,Jan-07,2007,1,59.0,2.0,62.0,0.0,20819,23061,43880,0,0,0,20819,23061,43880,148.957,-20.3517
1760,hamilton island,Jan-08,2008,1,48.0,13.0,47.0,15.0,19460,22374,41834,0,0,0,19460,22374,41834,148.957,-20.3517
1761,hamilton island,Jan-09,2009,1,56.0,6.0,58.0,4.0,19233,21400,40633,0,0,0,19233,21400,40633,148.957,-20.3517
1762,hamilton island,Jan-10,2010,1,109.0,13.0,113.0,7.0,21471,23160,44631,0,0,0,21471,23160,44631,148.957,-20.3517
1763,hamilton island,Jan-11,2011,1,102.0,22.0,109.0,15.0,20297,23727,44024,0,0,0,20297,23727,44024,148.957,-20.3517
1764,hamilton island,Jan-12,2012,1,90.0,30.0,93.0,27.0,19546,22017,41563,0,0,0,19546,22017,41563,148.957,-20.3517
1765,hamilton island,Jan-13,2013,1,72.0,35.0,84.0,25.0,19124,21253,40377,0,0,0,19124,21253,40377,148.957,-20.3517
1766,hamilton island,Jan-14,2014,1,91.0,12.0,89.0,13.0,21333,23441,44774,0,0,0,21333,23441,44774,148.957,-20.3517
1767,hamilton island,Jan-15,2015,1,145.0,20.0,150.0,16.0,21515,24010,45525,0,0,0,21515,24010,45525,148.957,-20.3517
1768,hamilton island,Jan-16,2016,1,145.0,35.0,162.0,18.0,22617,24999,47616,0,0,0,22617,24999,47616,148.957,-20.3517
1769,hamilton island,Jan-17,2017,1,174.0,36.0,185.0,25.0,26590,29087,55677,0,0,0,26590,29087,55677,148.957,-20.3517
1770,hamilton island,Jan-18,2018,1,141.0,10.0,145.0,6.0,18523,20414,38937,0,0,0,18523,20414,38937,148.957,-20.3517
1771,hamilton island,Jan-19,2019,1,121.0,27.0,128.0,20.0,18734,21179,39913,0,0,0,18734,21179,39913,148.957,-20.3517
1772,hamilton island,Jan-20,2020,1,110.0,43.0,129.0,25.0,22712,25497,48209,0,0,0,22712,25497,48209,148.957,-20.3517
1773,hamilton island,Jan-21,2021,1,108.0,20.0,109.0,18.0,10317,12310,22627,0,0,0,10317,12310,22627,148.957,-20.3517
1774,hamilton island,Jan-22,2022,1,133.0,17.0,145.0,5.0,14446,16313,30759,0,0,0,14446,16313,30759,148.957,-20.3517
1775,hamilton island,Jan-23,2023,1,95.0,55.0,121.0,29.0,22244,25226,47470,0,0,0,22244,25226,47470,148.957,-20.3517
1776,hamilton island,Jul-06,2006,7,49.0,11.0,48.0,14.0,20457,21746,42203,0,0,0,20457,21746,42203,148.957,-20.3517
1777,hamilton island,Jul-07,2007,7,49.0,13.0,50.0,12.0,18998,19663,38661,0,0,0,18998,19663,38661,148.957,-20.3517
1778,hamilton island,Jul-08,2008,7,42.0,20.0,43.0,19.0,18332,19211,37543,0,0,0,18332,19211,37543,148.957,-20.3517
1779,hamilton island,Jul-09,2009,7,55.0,7.0,58.0,3.0,19347,19839,39186,0,0,0,19347,19839,39186,148.957,-20.3517
1780,hamilton island,Jul-10,2010,7,87.0,37.0,85.0,39.0,19521,20456,39977,0,0,0,19521,20456,39977,148.957,-20.3517
1781,hamilton island,Jul-11,2011,7,90.0,30.0,86.0,36.0,19457,19650,39107,0,0,0,19457,19650,39107,148.957,-20.3517
1782,hamilton island,Jul-12,2012,7,64.0,37.0,73.0,33.0,17730,18047,35777,0,0,0,17730,18047,35777,148.957,-20.3517
1783,hamilton island,Jul-13,2013,7,74.0,36.0,85.0,24.0,17875,19112,36987,0,0,0,17875,19112,36987,148.957,-20.3517
1784,hamilton island,Jul-14,2014,7,128.0,22.0,134.0,17.0,20478,21793,42271,0,0,0,20478,21793,42271,148.957,-20.3517
1785,hamilton island,Jul-15,2015,7,83.0,29.0,93.0,23.0,19019,19946,38965,0,0,0,19019,19946,38965,148.957,-20.3517
1786,hamilton island,Jul-16,2016,7,128.0,61.0,142.0,48.0,23290,24686,47976,0,0,0,23290,24686,47976,148.957,-20.3517
1787,hamilton island,Jul-17,2017,7,121.0,23.0,125.0,20.0,17069,17966,35035,0,0,0,17069,17966,35035,148.957,-20.3517
1788,hamilton island,Jul-18,2018,7,115.0,28.0,115.0,28.0,18537,19562,38099,0,0,0,18537,19562,38099,148.957,-20.3517
1789,hamilton island,Jul-19,2019,7,87.0,48.0,102.0,32.0,19871,20944,40815,0,0,0,19871,20944,40815,148.957,-20.3517
1790,hamilton island,Jul-21,2021,7,81.0,7.0,77.0,12.0,10794,13887,24681,0,0,0,10794,13887,24681,148.957,-20.3517
1791,hamilton island,Jul-22,2022,7,77.0,73.0,106.0,45.0,22580,24049,46629,0,0,0,22580,24049,46629,148.957,-20.3517
1792,hamilton island,Jul-23,2023,7,83.0,66.0,102.0,48.0,20977,22514,43491,0,0,0,20977,22514,43491,148.957,-20.3517
1793,hamilton island,Jun-06,2006,6,45.0,14.0,43.0,16.0,14447,13425,27872,0,0,0,14447,13425,27872,148.957,-20.3517
1794,hamilton island,Jun-07,2007,6,28.0,31.0,30.0,29.0,16262,16058,32320,0,0,0,16262,16058,32320,148.957,-20.3517
1795,hamilton island,Jun-08,2008,6,51.0,8.0,49.0,10.0,14714,13660,28374,0,0,0,14714,13660,28374,148.957,-20.3517
1796,hamilton island,Jun-09,2009,6,50.0,10.0,51.0,9.0,15081,14625,29706,0,0,0,15081,14625,29706,148.957,-20.3517
1797,hamilton island,Jun-10,2010,6,91.0,21.0,90.0,22.0,16377,15523,31900,0,0,0,16377,15523,31900,148.957,-20.3517
1798,hamilton island,Jun-11,2011,6,77.0,18.0,80.0,16.0,14850,13628,28478,0,0,0,14850,13628,28478,148.957,-20.3517
1799,hamilton island,Jun-12,2012,6,84.0,21.0,85.0,22.0,16231,14644,30875,0,0,0,16231,14644,30875,148.957,-20.3517
1800,hamilton island,Jun-13,2013,6,82.0,24.0,89.0,17.0,16694,15212,31906,0,0,0,16694,15212,31906,148.957,-20.3517
1801,hamilton island,Jun-14,2014,6,111.0,22.0,116.0,17.0,16873,15213,32086,0,0,0,16873,15213,32086,148.957,-20.3517
1802,hamilton island,Jun-15,2015,6,118.0,21.0,121.0,17.0,18103,16269,34372,0,0,0,18103,16269,34372,148.957,-20.3517
1803,hamilton island,Jun-16,2016,6,124.0,36.0,136.0,24.0,19262,17017,36279,0,0,0,19262,17017,36279,148.957,-20.3517
1804,hamilton island,Jun-17,2017,6,107.0,13.0,106.0,13.0,12601,11540,24141,0,0,0,12601,11540,24141,148.957,-20.3517
1805,hamilton island,Jun-18,2018,6,101.0,12.0,98.0,15.0,13797,13148,26945,0,0,0,13797,13148,26945,148.957,-20.3517
1806,hamilton island,Jun-19,2019,6,86.0,34.0,91.0,30.0,14973,13789,28762,0,0,0,14973,13789,28762,148.957,-20.3517
1807,hamilton island,Jun-21,2021,6,123.0,24.0,120.0,26.0,17249,16271,33520,0,0,0,17249,16271,33520,148.957,-20.3517
1808,hamilton island,Jun-22,2022,6,72.0,69.0,103.0,39.0,21297,19433,40730,0,0,0,21297,19433,40730,148.957,-20.3517
1809,hamilton island,Jun-23,2023,6,85.0,45.0,95.0,36.0,18886,16883,35769,0,0,0,18886,16883,35769,148.957,-20.3517
1810,hamilton island,Mar-06,2006,3,56.0,6.0,58.0,4.0,17252,16986,34238,0,0,0,17252,16986,34238,148.957,-20.3517
1811,hamilton island,Mar-07,2007,3,58.0,4.0,57.0,5.0,18121,17958,36079,0,0,0,18121,17958,36079,148.957,-20.3517
1812,hamilton island,Mar-08,2008,3,51.0,11.0,50.0,12.0,19277,18868,38145,0,0,0,19277,18868,38145,148.957,-20.3517
1813,hamilton island,Mar-09,2009,3,53.0,7.0,55.0,5.0,16418,16376,32794,0,0,0,16418,16376,32794,148.957,-20.3517
1814,hamilton island,Mar-10,2010,3,98.0,17.0,105.0,9.0,17924,17626,35550,0,0,0,17924,17626,35550,148.957,-20.3517
1815,hamilton island,Mar-11,2011,3,87.0,26.0,88.0,25.0,16346,16232,32578,0,0,0,16346,16232,32578,148.957,-20.3517
1816,hamilton island,Mar-12,2012,3,87.0,23.0,86.0,25.0,16254,15380,31634,0,0,0,16254,15380,31634,148.957,-20.3517
1817,hamilton island,Mar-13,2013,3,71.0,32.0,79.0,25.0,17792,16657,34449,0,0,0,17792,16657,34449,148.957,-20.3517
1818,hamilton island,Mar-14,2014,3,105.0,23.0,106.0,24.0,17274,17414,34688,0,0,0,17274,17414,34688,148.957,-20.3517
1819,hamilton island,Mar-15,2015,3,124.0,16.0,130.0,11.0,18788,18138,36926,0,0,0,18788,18138,36926,148.957,-20.3517
1820,hamilton island,Mar-16,2016,3,116.0,43.0,140.0,21.0,22312,20772,43084,0,0,0,22312,20772,43084,148.957,-20.3517
1821,hamilton island,Mar-17,2017,3,105.0,49.0,112.0,35.0,17665,18510,36175,0,0,0,17665,18510,36175,148.957,-20.3517
1822,hamilton island,Mar-18,2018,3,107.0,18.0,109.0,16.0,16672,15753,32425,0,0,0,16672,15753,32425,148.957,-20.3517
1823,hamilton island,Mar-19,2019,3,98.0,30.0,99.0,29.0,15182,15103,30285,0,0,0,15182,15103,30285,148.957,-20.3517
1824,hamilton island,Mar-20,2020,3,85.0,27.0,86.0,21.0,10071,12473,22544,0,0,0,10071,12473,22544,148.957,-20.3517
1825,hamilton island,Mar-21,2021,3,126.0,22.0,130.0,17.0,18225,17235,35460,0,0,0,18225,17235,35460,148.957,-20.3517
1826,hamilton island,Mar-22,2022,3,102.0,40.0,121.0,21.0,19756,19377,39133,0,0,0,19756,19377,39133,148.957,-20.3517
1827,hamilton island,Mar-23,2023,3,83.0,56.0,98.0,43.0,19639,19003,38642,0,0,0,19639,19003,38642,148.957,-20.3517
1828,hamilton island,May-06,2006,5,58.0,5.0,56.0,6.0,14220,15446,29666,0,0,0,14220,15446,29666,148.957,-20.3517
1829,hamilton island,May-07,2007,5,55.0,6.0,56.0,5.0,15349,15328,30677,0,0,0,15349,15328,30677,148.957,-20.3517
1830,hamilton island,May-08,2008,5,57.0,5.0,58.0,4.0,14992,15615,30607,0,0,0,14992,15615,30607,148.957,-20.3517
1831,hamilton island,May-09,2009,5,53.0,9.0,53.0,9.0,14959,15330,30289,0,0,0,14959,15330,30289,148.957,-20.3517
1832,hamilton island,May-10,2010,5,106.0,10.0,104.0,12.0,15711,16409,32120,0,0,0,15711,16409,32120,148.957,-20.3517
1833,hamilton island,May-11,2011,5,95.0,14.0,99.0,10.0,14177,15277,29454,0,0,0,14177,15277,29454,148.957,-20.3517
1834,hamilton island,May-12,2012,5,82.0,25.0,86.0,21.0,14535,15003,29538,0,0,0,14535,15003,29538,148.957,-20.3517
1835,hamilton island,May-13,2013,5,83.0,17.0,86.0,15.0,15088,15102,30190,0,0,0,15088,15102,30190,148.957,-20.3517
1836,hamilton island,May-14,2014,5,114.0,19.0,122.0,12.0,16644,16586,33230,0,0,0,16644,16586,33230,148.957,-20.3517
1837,hamilton island,May-15,2015,5,105.0,30.0,111.0,24.0,16356,16902,33258,0,0,0,16356,16902,33258,148.957,-20.3517
1838,hamilton island,May-16,2016,5,149.0,20.0,156.0,14.0,18880,20006,38886,0,0,0,18880,20006,38886,148.957,-20.3517
1839,hamilton island,May-17,2017,5,105.0,20.0,104.0,21.0,12495,12799,25294,0,0,0,12495,12799,25294,148.957,-20.3517
1840,hamilton island,May-18,2018,5,115.0,12.0,111.0,16.0,13253,13723,26976,0,0,0,13253,13723,26976,148.957,-20.3517
1841,hamilton island,May-19,2019,5,99.0,20.0,94.0,25.0,13986,14324,28310,0,0,0,13986,14324,28310,148.957,-20.3517
1842,hamilton island,May-21,2021,5,114.0,32.0,129.0,17.0,19954,21048,41002,0,0,0,19954,21048,41002,148.957,-20.3517
1843,hamilton island,May-22,2022,5,86.0,67.0,120.0,34.0,20748,21417,42165,0,0,0,20748,21417,42165,148.957,-20.3517
1844,hamilton island,May-23,2023,5,65.0,54.0,74.0,45.0,16799,17715,34514,0,0,0,16799,17715,34514,148.957,-20.3517
1845,hamilton island,Nov-05,2005,11,59.0,1.0,59.0,1.0,18939,19718,38657,0,0,0,18939,19718,38657,148.957,-20.3517
1846,hamilton island,Nov-06,2006,11,58.0,2.0,58.0,2.0,21283,21568,42851,0,0,0,21283,21568,42851,148.957,-20.3517
1847,hamilton island,Nov-07,2007,11,49.0,11.0,46.0,14.0,22040,22172,44212,0,0,0,22040,22172,44212,148.957,-20.3517
1848,hamilton island,Nov-08,2008,11,55.0,5.0,55.0,5.0,19515,20298,39813,0,0,0,19515,20298,39813,148.957,-20.3517
1849,hamilton island,Nov-09,2009,11,103.0,15.0,110.0,8.0,22397,22966,45363,0,0,0,22397,22966,45363,148.957,-20.3517
1850,hamilton island,Nov-10,2010,11,72.0,48.0,80.0,40.0,21799,22621,44420,0,0,0,21799,22621,44420,148.957,-20.3517
1851,hamilton island,Nov-11,2011,11,88.0,32.0,95.0,25.0,21386,22319,43705,0,0,0,21386,22319,43705,148.957,-20.3517
1852,hamilton island,Nov-12,2012,11,71.0,37.0,87.0,21.0,21088,21290,42378,0,0,0,21088,21290,42378,148.957,-20.3517
1853,hamilton island,Nov-13,2013,11,81.0,27.0,89.0,18.0,22775,22928,45703,0,0,0,22775,22928,45703,148.957,-20.3517
1854,hamilton island,Nov-14,2014,11,123.0,22.0,138.0,7.0,21743,22049,43792,0,0,0,21743,22049,43792,148.957,-20.3517
1855,hamilton island,Nov-15,2015,11,133.0,31.0,152.0,12.0,21629,22375,44004,0,0,0,21629,22375,44004,148.957,-20.3517
1856,hamilton island,Nov-16,2016,11,163.0,33.0,176.0,20.0,24398,25255,49653,0,0,0,24398,25255,49653,148.957,-20.3517
1857,hamilton island,Nov-17,2017,11,126.0,23.0,132.0,17.0,18585,18765,37350,0,0,0,18585,18765,37350,148.957,-20.3517
1858,hamilton island,Nov-18,2018,11,89.0,35.0,94.0,31.0,19180,19367,38547,0,0,0,19180,19367,38547,148.957,-20.3517
1859,hamilton island,Nov-19,2019,11,107.0,31.0,113.0,24.0,20579,20977,41556,0,0,0,20579,20977,41556,148.957,-20.3517
1860,hamilton island,Nov-20,2020,11,68.0,4.0,68.0,4.0,9643,9220,18863,0,0,0,9643,9220,18863,148.957,-20.3517
1861,hamilton island,Nov-21,2021,11,80.0,13.0,84.0,9.0,10789,10601,21390,0,0,0,10789,10601,21390,148.957,-20.3517
1862,hamilton island,Nov-22,2022,11,62.0,71.0,91.0,44.0,21402,22093,43495,0,0,0,21402,22093,43495,148.957,-20.3517
1863,hamilton island,Nov-23,2023,11,68.0,73.0,83.0,59.0,21715,21567,43282,0,0,0,21715,21567,43282,148.957,-20.3517
1864,hamilton island,Oct-05,2005,10,67.0,8.0,67.0,8.0,21696,22875,44571,0,0,0,21696,22875,44571,148.957,-20.3517
1865,hamilton island,Oct-06,2006,10,56.0,6.0,60.0,2.0,23935,24865,48800,0,0,0,23935,24865,48800,148.957,-20.3517
1866,hamilton island,Oct-07,2007,10,45.0,17.0,52.0,10.0,24053,24769,48822,0,0,0,24053,24769,48822,148.957,-20.3517
1867,hamilton island,Oct-08,2008,10,58.0,4.0,60.0,2.0,23567,24518,48085,0,0,0,23567,24518,48085,148.957,-20.3517
1868,hamilton island,Oct-09,2009,10,87.0,34.0,104.0,18.0,24217,24561,48778,0,0,0,24217,24561,48778,148.957,-20.3517
1869,hamilton island,Oct-10,2010,10,93.0,31.0,97.0,27.0,23376,24636,48012,0,0,0,23376,24636,48012,148.957,-20.3517
1870,hamilton island,Oct-11,2011,10,82.0,41.0,96.0,27.0,22886,24516,47402,0,0,0,22886,24516,47402,148.957,-20.3517
1871,hamilton island,Oct-12,2012,10,61.0,49.0,80.0,30.0,21947,22979,44926,0,0,0,21947,22979,44926,148.957,-20.3517
1872,hamilton island,Oct-13,2013,10,88.0,21.0,95.0,13.0,23693,24577,48270,0,0,0,23693,24577,48270,148.957,-20.3517
1873,hamilton island,Oct-14,2014,10,126.0,31.0,140.0,18.0,24055,25300,49355,0,0,0,24055,25300,49355,148.957,-20.3517
1874,hamilton island,Oct-15,2015,10,124.0,40.0,150.0,16.0,23315,24246,47561,0,0,0,23315,24246,47561,148.957,-20.3517
1875,hamilton island,Oct-16,2016,10,153.0,40.0,179.0,14.0,25971,27069,53040,0,0,0,25971,27069,53040,148.957,-20.3517
1876,hamilton island,Oct-17,2017,10,114.0,27.0,124.0,19.0,19266,20888,40154,0,0,0,19266,20888,40154,148.957,-20.3517
1877,hamilton island,Oct-18,2018,10,116.0,26.0,118.0,24.0,20146,21935,42081,0,0,0,20146,21935,42081,148.957,-20.3517
1878,hamilton island,Oct-19,2019,10,120.0,26.0,129.0,17.0,22524,24536,47060,0,0,0,22524,24536,47060,148.957,-20.3517
1879,hamilton island,Oct-20,2020,10,79.0,1.0,77.0,3.0,8730,9254,17984,0,0,0,8730,9254,17984,148.957,-20.3517
1880,hamilton island,Oct-21,2021,10,79.0,13.0,84.0,9.0,11625,12654,24279,0,0,0,11625,12654,24279,148.957,-20.3517
1881,hamilton island,Oct-22,2022,10,99.0,55.0,114.0,40.0,23848,25602,49450,0,0,0,23848,25602,49450,148.957,-20.3517
1882,hamilton island,Oct-23,2023,10,81.0,63.0,107.0,36.0,22003,24027,46030,0,0,0,22003,24027,46030,148.957,-20.3517
1883,hamilton island,Sep-06,2006,9,49.0,11.0,51.0,9.0,22971,21551,44522,0,0,0,22971,21551,44522,148.957,-20.3517
1884,hamilton island,Sep-07,2007,9,47.0,13.0,51.0,9.0,23127,22268,45395,0,0,0,23127,22268,45395,148.957,-20.3517
1885,hamilton island,Sep-08,2008,9,56.0,4.0,56.0,4.0,21640,20052,41692,0,0,0,21640,20052,41692,148.957,-20.3517
1886,hamilton island,Sep-09,2009,9,95.0,27.0,105.0,17.0,23005,22603,45608,0,0,0,23005,22603,45608,148.957,-20.3517
1887,hamilton island,Sep-10,2010,9,74.0,42.0,84.0,34.0,22709,21122,43831,0,0,0,22709,21122,43831,148.957,-20.3517
1888,hamilton island,Sep-11,2011,9,92.0,26.0,101.0,17.0,23094,21284,44378,0,0,0,23094,21284,44378,148.957,-20.3517
1889,hamilton island,Sep-12,2012,9,66.0,42.0,83.0,25.0,21942,20358,42300,0,0,0,21942,20358,42300,148.957,-20.3517
1890,hamilton island,Sep-13,2013,9,83.0,25.0,93.0,15.0,23283,21927,45210,0,0,0,23283,21927,45210,148.957,-20.3517
1891,hamilton island,Sep-14,2014,9,127.0,22.0,135.0,14.0,24516,22996,47512,0,0,0,24516,22996,47512,148.957,-20.3517
1892,hamilton island,Sep-15,2015,9,126.0,33.0,141.0,19.0,23255,21637,44892,0,0,0,23255,21637,44892,148.957,-20.3517
1893,hamilton island,Sep-16,2016,9,143.0,43.0,157.0,28.0,26244,24538,50782,0,0,0,26244,24538,50782,148.957,-20.3517
1894,hamilton island,Sep-17,2017,9,116.0,30.0,122.0,24.0,19922,18540,38462,0,0,0,19922,18540,38462,148.957,-20.3517
1895,hamilton island,Sep-18,2018,9,118.0,18.0,118.0,18.0,20506,19290,39796,0,0,0,20506,19290,39796,148.957,-20.3517
1896,hamilton island,Sep-19,2019,9,104.0,38.0,116.0,27.0,22853,21528,44381,0,0,0,22853,21528,44381,148.957,-20.3517
1897,hamilton island,Sep-20,2020,9,68.0,7.0,72.0,4.0,8241,7285,15526,0,0,0,8241,7285,15526,148.957,-20.3517
1898,hamilton island,Sep-21,2021,9,62.0,11.0,69.0,4.0,10406,9404,19810,0,0,0,10406,9404,19810,148.957,-20.3517
1899,hamilton island,Sep-22,2022,9,91.0,45.0,113.0,24.0,23457,21920,45377,0,0,0,23457,21920,45377,148.957,-20.3517
1900,hamilton island,Sep-23,2023,9,75.0,69.0,111.0,32.0,24692,23278,47970,0,0,0,24692,23278,47970,148.957,-20.3517
1901,hobart,Apr-04,2004,4,335.0,49.0,340.0,44.0,49908,51408,101316,0,0,0,49908,51408,101316,147.3272,-42.8821
1902,hobart,Apr-05,2005,4,495.0,69.0,484.0,79.0,67491,67659,135150,0,0,0,67491,67659,135150,147.3272,-42.8821
1903,hobart,Apr-06,2006,4,402.0,86.0,443.0,75.0,67273,70243,137516,0,0,0,67273,70243,137516,147.3272,-42.8821
1904,hobart,Apr-07,2007,4,439.0,44.0,429.0,54.0,68395,69794,138189,0,0,0,68395,69794,138189,147.3272,-42.8821
1905,hobart,Apr-08,2008,4,444.0,89.0,400.0,133.0,72754,75363,148117,0,0,0,72754,75363,148117,147.3272,-42.8821
1906,hobart,Apr-09,2009,4,404.0,101.0,410.0,95.0,80504,81802,162306,0,0,0,80504,81802,162306,147.3272,-42.8821
1907,hobart,Apr-10,2010,4,447.0,95.0,466.0,74.0,77541,81585,159126,0,0,0,77541,81585,159126,147.3272,-42.8821
1908,hobart,Apr-11,2011,4,310.0,154.0,352.0,113.0,76354,80101,156455,0,0,0,76354,80101,156455,147.3272,-42.8821
1909,hobart,Apr-12,2012,4,375.0,108.0,402.0,81.0,75329,78629,153958,0,0,0,75329,78629,153958,147.3272,-42.8821
1910,hobart,Apr-13,2013,4,463.0,133.0,492.0,104.0,83602,94754,178356,0,0,0,83602,94754,178356,147.3272,-42.8821
1911,hobart,Apr-14,2014,4,506.0,145.0,554.0,96.0,84171,90769,174940,0,0,0,84171,90769,174940,147.3272,-42.8821
1912,hobart,Apr-15,2015,4,519.0,159.0,546.0,132.0,89654,94013,183667,0,0,0,89654,94013,183667,147.3272,-42.8821
1913,hobart,Apr-16,2016,4,588.0,129.0,626.0,93.0,94140,102924,197064,0,0,0,94140,102924,197064,147.3272,-42.8821
1914,hobart,Apr-17,2017,4,551.0,194.0,607.0,138.0,104746,109772,214518,0,0,0,104746,109772,214518,147.3272,-42.8821
1915,hobart,Apr-18,2018,4,526.0,226.0,602.0,153.0,111145,118749,229894,0,0,0,111145,118749,229894,147.3272,-42.8821
1916,hobart,Apr-19,2019,4,549.0,216.0,617.0,148.0,114959,119517,234476,0,0,0,114959,119517,234476,147.3272,-42.8821
1917,hobart,Apr-21,2021,4,554.0,124.0,553.0,126.0,93921,96316,190237,137,183,320,94058,96499,190557,147.3272,-42.8821
1918,hobart,Apr-22,2022,4,453.0,326.0,516.0,265.0,113765,118659,232424,0,0,0,113765,118659,232424,147.3272,-42.8821
1919,hobart,Apr-23,2023,4,456.0,245.0,478.0,227.0,105358,110247,215605,1788,1848,3636,107146,112095,219241,147.3272,-42.8821
1920,hobart,Aug-04,2004,8,444.0,48.0,444.0,40.0,53987,56235,110222,0,0,0,53987,56235,110222,147.3272,-42.8821
1921,hobart,Aug-05,2005,8,438.0,67.0,434.0,72.0,59066,61015,120081,0,0,0,59066,61015,120081,147.3272,-42.8821
1922,hobart,Aug-06,2006,8,446.0,45.0,429.0,63.0,61404,62064,123468,0,0,0,61404,62064,123468,147.3272,-42.8821
1923,hobart,Aug-07,2007,8,420.0,76.0,406.0,90.0,64598,65822,130420,0,0,0,64598,65822,130420,147.3272,-42.8821
1924,hobart,Aug-08,2008,8,427.0,80.0,388.0,119.0,68373,70599,138972,0,0,0,68373,70599,138972,147.3272,-42.8821
1925,hobart,Aug-09,2009,8,386.0,101.0,376.0,108.0,72844,73169,146013,0,0,0,72844,73169,146013,147.3272,-42.8821
1926,hobart,Aug-10,2010,8,427.0,88.0,431.0,86.0,71393,72567,143960,0,0,0,71393,72567,143960,147.3272,-42.8821
1927,hobart,Aug-11,2011,8,331.0,105.0,348.0,89.0,66258,68792,135050,0,0,0,66258,68792,135050,147.3272,-42.8821
1928,hobart,Aug-12,2012,8,392.0,105.0,384.0,114.0,69350,70866,140216,0,0,0,69350,70866,140216,147.3272,-42.8821
1929,hobart,Aug-13,2013,8,447.0,122.0,438.0,131.0,79622,80027,159649,0,0,0,79622,80027,159649,147.3272,-42.8821
1930,hobart,Aug-14,2014,8,530.0,135.0,542.0,125.0,78837,79802,158639,0,0,0,78837,79802,158639,147.3272,-42.8821
1931,hobart,Aug-15,2015,8,580.0,94.0,602.0,74.0,80594,80957,161551,0,0,0,80594,80957,161551,147.3272,-42.8821
1932,hobart,Aug-16,2016,8,595.0,104.0,630.0,71.0,83265,85213,168478,0,0,0,83265,85213,168478,147.3272,-42.8821
1933,hobart,Aug-17,2017,8,503.0,169.0,558.0,115.0,87387,87859,175246,0,0,0,87387,87859,175246,147.3272,-42.8821
1934,hobart,Aug-18,2018,8,500.0,175.0,526.0,153.0,94063,94842,188905,0,0,0,94063,94842,188905,147.3272,-42.8821
1935,hobart,Aug-19,2019,8,481.0,201.0,479.0,207.0,101185,101926,203111,0,0,0,101185,101926,203111,147.3272,-42.8821
1936,hobart,Aug-20,2020,8,39.0,1.0,37.0,2.0,2400,3050,5450,0,0,0,2400,3050,5450,147.3272,-42.8821
1937,hobart,Aug-21,2021,8,130.0,16.0,138.0,10.0,17404,18076,35480,0,0,0,17404,18076,35480,147.3272,-42.8821
1938,hobart,Aug-22,2022,8,371.0,210.0,402.0,179.0,85422,84173,169595,547,565,1112,85969,84738,170707,147.3272,-42.8821
1939,hobart,Aug-23,2023,8,414.0,209.0,405.0,221.0,92652,91560,184212,722,691,1413,93374,92251,185625,147.3272,-42.8821
1940,hobart,Dec-04,2004,12,439.0,62.0,425.0,75.0,70618,63498,134116,0,0,0,70618,63498,134116,147.3272,-42.8821
1941,hobart,Dec-05,2005,12,446.0,98.0,421.0,123.0,78407,71417,149824,0,0,0,78407,71417,149824,147.3272,-42.8821
1942,hobart,Dec-06,2006,12,449.0,69.0,417.0,101.0,79214,73890,153104,0,0,0,79214,73890,153104,147.3272,-42.8821
1943,hobart,Dec-07,2007,12,433.0,126.0,374.0,185.0,79900,74360,154260,0,0,0,79900,74360,154260,147.3272,-42.8821
1944,hobart,Dec-08,2008,12,453.0,100.0,432.0,121.0,89517,82686,172203,0,0,0,89517,82686,172203,147.3272,-42.8821
1945,hobart,Dec-09,2009,12,386.0,114.0,378.0,122.0,85143,78781,163924,0,0,0,85143,78781,163924,147.3272,-42.8821
1946,hobart,Dec-10,2010,12,471.0,152.0,476.0,147.0,97986,85367,183353,0,0,0,97986,85367,183353,147.3272,-42.8821
1947,hobart,Dec-11,2011,12,362.0,156.0,408.0,113.0,89010,78048,167058,0,0,0,89010,78048,167058,147.3272,-42.8821
1948,hobart,Dec-12,2012,12,539.0,189.0,568.0,162.0,108100,93064,201164,0,0,0,108100,93064,201164,147.3272,-42.8821
1949,hobart,Dec-13,2013,12,507.0,180.0,548.0,138.0,108502,95812,204314,0,0,0,108502,95812,204314,147.3272,-42.8821
1950,hobart,Dec-14,2014,12,576.0,228.0,607.0,198.0,112735,98843,211578,0,0,0,112735,98843,211578,147.3272,-42.8821
1951,hobart,Dec-15,2015,12,588.0,250.0,660.0,183.0,119726,107224,226950,0,0,0,119726,107224,226950,147.3272,-42.8821
1952,hobart,Dec-16,2016,12,597.0,276.0,664.0,209.0,127433,113400,240833,0,0,0,127433,113400,240833,147.3272,-42.8821
1953,hobart,Dec-17,2017,12,621.0,227.0,681.0,171.0,135137,120368,255505,0,0,0,135137,120368,255505,147.3272,-42.8821
1954,hobart,Dec-18,2018,12,586.0,303.0,635.0,254.0,141828,124835,266663,0,0,0,141828,124835,266663,147.3272,-42.8821
1955,hobart,Dec-19,2019,12,620.0,282.0,636.0,277.0,144019,127302,271321,0,0,0,144019,127302,271321,147.3272,-42.8821
1956,hobart,Dec-20,2020,12,430.0,85.0,432.0,84.0,72103,59180,131283,0,0,0,72103,59180,131283,147.3272,-42.8821
1957,hobart,Dec-21,2021,12,377.0,154.0,433.0,103.0,78179,61490,139669,0,0,0,78179,61490,139669,147.3272,-42.8821
1958,hobart,Dec-22,2022,12,532.0,294.0,565.0,262.0,123479,109511,232990,1730,1810,3540,125209,111321,236530,147.3272,-42.8821
1959,hobart,Feb-04,2004,2,346.0,27.0,345.0,28.0,54609,52743,107352,0,0,0,54609,52743,107352,147.3272,-42.8821
1960,hobart,Feb-05,2005,2,440.0,95.0,439.0,97.0,69104,67720,136824,0,0,0,69104,67720,136824,147.3272,-42.8821
1961,hobart,Feb-06,2006,2,432.0,48.0,419.0,61.0,69055,67574,136629,0,0,0,69055,67574,136629,147.3272,-42.8821
1962,hobart,Feb-07,2007,2,403.0,49.0,384.0,68.0,69946,68219,138165,0,0,0,69946,68219,138165,147.3272,-42.8821
1963,hobart,Feb-08,2008,2,381.0,94.0,339.0,136.0,79125,76244,155369,0,0,0,79125,76244,155369,147.3272,-42.8821
1964,hobart,Feb-09,2009,2,396.0,80.0,387.0,89.0,80226,77967,158193,0,0,0,80226,77967,158193,147.3272,-42.8821
1965,hobart,Feb-10,2010,2,385.0,78.0,375.0,86.0,80480,77113,157593,0,0,0,80480,77113,157593,147.3272,-42.8821
1966,hobart,Feb-11,2011,2,342.0,208.0,392.0,157.0,83321,79592,162913,0,0,0,83321,79592,162913,147.3272,-42.8821
1967,hobart,Feb-12,2012,2,380.0,114.0,406.0,89.0,78675,76620,155295,0,0,0,78675,76620,155295,147.3272,-42.8821
1968,hobart,Feb-13,2013,2,411.0,168.0,432.0,148.0,84575,84478,169053,0,0,0,84575,84478,169053,147.3272,-42.8821
1969,hobart,Feb-14,2014,2,474.0,114.0,511.0,76.0,85952,85280,171232,0,0,0,85952,85280,171232,147.3272,-42.8821
1970,hobart,Feb-15,2015,2,481.0,156.0,525.0,113.0,94081,91925,186006,0,0,0,94081,91925,186006,147.3272,-42.8821
1971,hobart,Feb-16,2016,2,553.0,127.0,570.0,110.0,97978,97936,195914,0,0,0,97978,97936,195914,147.3272,-42.8821
1972,hobart,Feb-17,2017,2,530.0,180.0,593.0,116.0,103325,102059,205384,0,0,0,103325,102059,205384,147.3272,-42.8821
1973,hobart,Feb-18,2018,2,517.0,185.0,599.0,104.0,113258,109757,223015,0,0,0,113258,109757,223015,147.3272,-42.8821
1974,hobart,Feb-19,2019,2,562.0,174.0,612.0,128.0,118030,113881,231911,0,0,0,118030,113881,231911,147.3272,-42.8821
1975,hobart,Feb-20,2020,2,584.0,181.0,609.0,158.0,115076,113163,228239,0,0,0,115076,113163,228239,147.3272,-42.8821
1976,hobart,Feb-21,2021,2,321.0,39.0,337.0,22.0,50326,48098,98424,0,0,0,50326,48098,98424,147.3272,-42.8821
1977,hobart,Feb-22,2022,2,351.0,99.0,392.0,61.0,66138,64432,130570,0,0,0,66138,64432,130570,147.3272,-42.8821
1978,hobart,Feb-23,2023,2,448.0,233.0,474.0,210.0,106003,103872,209875,1576,1483,3059,107579,105355,212934,147.3272,-42.8821
1979,hobart,Jan-04,2004,1,340.0,64.0,336.0,65.0,55054,61581,116635,0,0,0,55054,61581,116635,147.3272,-42.8821
1980,hobart,Jan-05,2005,1,570.0,98.0,587.0,85.0,72568,80378,152946,0,0,0,72568,80378,152946,147.3272,-42.8821
1981,hobart,Jan-06,2006,1,466.0,81.0,469.0,79.0,77489,84806,162295,0,0,0,77489,84806,162295,147.3272,-42.8821
1982,hobart,Jan-07,2007,1,448.0,57.0,443.0,62.0,74183,82177,156360,0,0,0,74183,82177,156360,147.3272,-42.8821
1983,hobart,Jan-08,2008,1,458.0,105.0,447.0,115.0,82554,89618,172172,0,0,0,82554,89618,172172,147.3272,-42.8821
1984,hobart,Jan-09,2009,1,475.0,76.0,465.0,86.0,88551,96258,184809,0,0,0,88551,96258,184809,147.3272,-42.8821
1985,hobart,Jan-10,2010,1,421.0,86.0,430.0,77.0,82337,89740,172077,0,0,0,82337,89740,172077,147.3272,-42.8821
1986,hobart,Jan-11,2011,1,469.0,197.0,507.0,159.0,92675,106709,199384,0,0,0,92675,106709,199384,147.3272,-42.8821
1987,hobart,Jan-12,2012,1,425.0,147.0,478.0,93.0,84357,97944,182301,0,0,0,84357,97944,182301,147.3272,-42.8821
1988,hobart,Jan-13,2013,1,549.0,171.0,597.0,122.0,95467,112438,207905,0,0,0,95467,112438,207905,147.3272,-42.8821
1989,hobart,Jan-14,2014,1,625.0,132.0,655.0,99.0,99727,112709,212436,0,0,0,99727,112709,212436,147.3272,-42.8821
1990,hobart,Jan-15,2015,1,624.0,211.0,683.0,151.0,105456,120299,225755,0,0,0,105456,120299,225755,147.3272,-42.8821
1991,hobart,Jan-16,2016,1,644.0,214.0,709.0,147.0,108012,124464,232476,0,0,0,108012,124464,232476,147.3272,-42.8821
1992,hobart,Jan-17,2017,1,685.0,209.0,781.0,115.0,118191,132076,250267,0,0,0,118191,132076,250267,147.3272,-42.8821
1993,hobart,Jan-18,2018,1,647.0,236.0,738.0,146.0,125218,141366,266584,0,0,0,125218,141366,266584,147.3272,-42.8821
1994,hobart,Jan-19,2019,1,685.0,228.0,748.0,166.0,130366,147840,278206,0,0,0,130366,147840,278206,147.3272,-42.8821
1995,hobart,Jan-20,2020,1,608.0,281.0,668.0,223.0,135552,149565,285117,0,0,0,135552,149565,285117,147.3272,-42.8821
1996,hobart,Jan-21,2021,1,417.0,68.0,434.0,51.0,59922,70307,130229,0,0,0,59922,70307,130229,147.3272,-42.8821
1997,hobart,Jan-22,2022,1,542.0,118.0,579.0,81.0,70894,85446,156340,0,0,0,70894,85446,156340,147.3272,-42.8821
1998,hobart,Jan-23,2023,1,542.0,276.0,610.0,212.0,117108,131344,248452,2065,1997,4062,119173,133341,252514,147.3272,-42.8821
1999,hobart,Jul-04,2004,7,405.0,56.0,398.0,61.0,50123,51651,101774,0,0,0,50123,51651,101774,147.3272,-42.8821
2000,hobart,Jul-05,2005,7,462.0,81.0,460.0,82.0,57574,58691,116265,0,0,0,57574,58691,116265,147.3272,-42.8821
2001,hobart,Jul-06,2006,7,409.0,80.0,397.0,91.0,58715,58423,117138,0,0,0,58715,58423,117138,147.3272,-42.8821
2002,hobart,Jul-07,2007,7,375.0,102.0,362.0,117.0,61145,61877,123022,0,0,0,61145,61877,123022,147.3272,-42.8821
2003,hobart,Jul-08,2008,7,421.0,88.0,380.0,129.0,66808,69005,135813,0,0,0,66808,69005,135813,147.3272,-42.8821
2004,hobart,Jul-09,2009,7,403.0,102.0,411.0,95.0,69369,70328,139697,0,0,0,69369,70328,139697,147.3272,-42.8821
2005,hobart,Jul-10,2010,7,454.0,94.0,438.0,109.0,70896,73702,144598,0,0,0,70896,73702,144598,147.3272,-42.8821
2006,hobart,Jul-11,2011,7,308.0,145.0,313.0,143.0,67266,68520,135786,0,0,0,67266,68520,135786,147.3272,-42.8821
2007,hobart,Jul-12,2012,7,390.0,110.0,376.0,124.0,69699,70926,140625,0,0,0,69699,70926,140625,147.3272,-42.8821
2008,hobart,Jul-13,2013,7,475.0,116.0,482.0,107.0,81088,83784,164872,0,0,0,81088,83784,164872,147.3272,-42.8821
2009,hobart,Jul-14,2014,7,522.0,157.0,549.0,128.0,82618,85222,167840,0,0,0,82618,85222,167840,147.3272,-42.8821
2010,hobart,Jul-15,2015,7,534.0,154.0,551.0,139.0,84845,88470,173315,0,0,0,84845,88470,173315,147.3272,-42.8821
2011,hobart,Jul-16,2016,7,546.0,191.0,568.0,174.0,90828,92811,183639,0,0,0,90828,92811,183639,147.3272,-42.8821
2012,hobart,Jul-17,2017,7,516.0,214.0,568.0,159.0,99196,102431,201627,0,0,0,99196,102431,201627,147.3272,-42.8821
2013,hobart,Jul-18,2018,7,474.0,258.0,479.0,254.0,106020,106872,212892,0,0,0,106020,106872,212892,147.3272,-42.8821
2014,hobart,Jul-19,2019,7,481.0,270.0,520.0,232.0,109278,111707,220985,0,0,0,109278,111707,220985,147.3272,-42.8821
2015,hobart,Jul-20,2020,7,31.0,4.0,35.0,1.0,2840,3618,6458,0,0,0,2840,3618,6458,147.3272,-42.8821
2016,hobart,Jul-21,2021,7,315.0,38.0,321.0,30.0,38053,44465,82518,833,886,1719,38886,45351,84237,147.3272,-42.8821
2017,hobart,Jul-22,2022,7,277.0,366.0,343.0,304.0,97861,105202,203063,753,716,1469,98614,105918,204532,147.3272,-42.8821
2018,hobart,Jul-23,2023,7,445.0,217.0,423.0,240.0,95521,102655,198176,808,873,1681,96329,103528,199857,147.3272,-42.8821
2019,hobart,Jun-04,2004,6,355.0,50.0,338.0,67.0,62993,60148,123141,0,0,0,62993,60148,123141,147.3272,-42.8821
2020,hobart,Jun-05,2005,6,441.0,76.0,433.0,85.0,58483,56627,115110,0,0,0,58483,56627,115110,147.3272,-42.8821
2021,hobart,Jun-06,2006,6,418.0,63.0,398.0,83.0,57896,56556,114452,0,0,0,57896,56556,114452,147.3272,-42.8821
2022,hobart,Jun-07,2007,6,407.0,67.0,379.0,95.0,61143,58904,120047,0,0,0,61143,58904,120047,147.3272,-42.8821
2023,hobart,Jun-08,2008,6,422.0,114.0,377.0,159.0,69546,66193,135739,0,0,0,69546,66193,135739,147.3272,-42.8821
2024,hobart,Jun-09,2009,6,345.0,124.0,362.0,107.0,67913,64387,132300,0,0,0,67913,64387,132300,147.3272,-42.8821
2025,hobart,Jun-10,2010,6,415.0,98.0,403.0,109.0,70837,66836,137673,0,0,0,70837,66836,137673,147.3272,-42.8821
2026,hobart,Jun-11,2011,6,268.4,116.6,272.64,111.36,60645,59129,119774,0,0,0,60645,59129,119774,147.3272,-42.8821
2027,hobart,Jun-12,2012,6,372.0,91.0,371.0,94.0,69742,64966,134708,0,0,0,69742,64966,134708,147.3272,-42.8821
2028,hobart,Jun-13,2013,6,417.0,107.0,432.0,90.0,71412,71281,142693,0,0,0,71412,71281,142693,147.3272,-42.8821
2029,hobart,Jun-14,2014,6,439.0,178.0,457.0,158.0,75294,75202,150496,0,0,0,75294,75202,150496,147.3272,-42.8821
2030,hobart,Jun-15,2015,6,543.0,98.0,572.0,73.0,78217,77801,156018,0,0,0,78217,77801,156018,147.3272,-42.8821
2031,hobart,Jun-16,2016,6,526.0,159.0,555.0,131.0,86667,86917,173584,0,0,0,86667,86917,173584,147.3272,-42.8821
2032,hobart,Jun-17,2017,6,548.0,130.0,577.0,103.0,90673,89636,180309,0,0,0,90673,89636,180309,147.3272,-42.8821
2033,hobart,Jun-18,2018,6,493.0,168.0,521.0,139.0,91837,92643,184480,0,0,0,91837,92643,184480,147.3272,-42.8821
2034,hobart,Jun-19,2019,6,514.0,183.0,536.0,163.0,100817,100831,201648,0,0,0,100817,100831,201648,147.3272,-42.8821
2035,hobart,Jun-21,2021,6,322.0,74.0,345.0,52.0,56217,52554,108771,689,702,1391,56906,53256,110162,147.3272,-42.8821
2036,hobart,Jun-22,2022,6,359.0,321.0,361.0,324.0,97517,93865,191382,0,0,0,97517,93865,191382,147.3272,-42.8821
2037,hobart,Jun-23,2023,6,463.0,195.0,447.0,218.0,98820,93843,192663,812,847,1659,99632,94690,194322,147.3272,-42.8821
2038,hobart,Mar-04,2004,3,362.0,36.0,371.0,27.0,53454,56458,109912,0,0,0,53454,56458,109912,147.3272,-42.8821
2039,hobart,Mar-05,2005,3,517.0,87.0,520.0,82.0,72976,75579,148555,0,0,0,72976,75579,148555,147.3272,-42.8821
2040,hobart,Mar-06,2006,3,471.0,55.0,432.0,63.0,71092,73190,144282,0,0,0,71092,73190,144282,147.3272,-42.8821
2041,hobart,Mar-07,2007,3,440.0,59.0,415.0,84.0,71245,73649,144894,0,0,0,71245,73649,144894,147.3272,-42.8821
2042,hobart,Mar-08,2008,3,425.0,89.0,385.0,129.0,82340,85142,167482,0,0,0,82340,85142,167482,147.3272,-42.8821
2043,hobart,Mar-09,2009,3,455.0,59.0,460.0,54.0,85655,88241,173896,0,0,0,85655,88241,173896,147.3272,-42.8821
2044,hobart,Mar-10,2010,3,448.0,99.0,440.0,111.0,83340,84388,167728,0,0,0,83340,84388,167728,147.3272,-42.8821
2045,hobart,Mar-11,2011,3,400.0,172.0,432.0,138.0,87289,90641,177930,0,0,0,87289,90641,177930,147.3272,-42.8821
2046,hobart,Mar-12,2012,3,388.0,140.0,413.0,117.0,81410,84749,166159,0,0,0,81410,84749,166159,147.3272,-42.8821
2047,hobart,Mar-13,2013,3,487.0,186.0,529.0,146.0,96515,95278,191793,0,0,0,96515,95278,191793,147.3272,-42.8821
2048,hobart,Mar-14,2014,3,563.0,142.0,594.0,113.0,94087,98207,192294,0,0,0,94087,98207,192294,147.3272,-42.8821
2049,hobart,Mar-15,2015,3,552.0,155.0,567.0,141.0,97209,101984,199193,0,0,0,97209,101984,199193,147.3272,-42.8821
2050,hobart,Mar-16,2016,3,608.0,163.0,646.0,128.0,104741,107306,212047,0,0,0,104741,107306,212047,147.3272,-42.8821
2051,hobart,Mar-17,2017,3,567.0,220.0,636.0,152.0,107501,111737,219238,0,0,0,107501,111737,219238,147.3272,-42.8821
2052,hobart,Mar-18,2018,3,599.0,201.0,664.0,136.0,123639,124859,248498,0,0,0,123639,124859,248498,147.3272,-42.8821
2053,hobart,Mar-19,2019,3,571.0,233.0,641.0,163.0,120100,123918,244018,0,0,0,120100,123918,244018,147.3272,-42.8821
2054,hobart,Mar-20,2020,3,467.0,109.0,476.0,97.0,72088,80867,152955,0,0,0,72088,80867,152955,147.3272,-42.8821
2055,hobart,Mar-21,2021,3,470.0,89.0,482.0,82.0,76227,77215,153442,0,0,0,76227,77215,153442,147.3272,-42.8821
2056,hobart,Mar-22,2022,3,444.0,181.0,487.0,140.0,86896,89061,175957,0,0,0,86896,89061,175957,147.3272,-42.8821
2057,hobart,Mar-23,2023,3,487.0,245.0,508.0,229.0,114440,117129,231569,1813,1830,3643,116253,118959,235212,147.3272,-42.8821
2058,hobart,May-04,2004,5,369.0,32.0,368.0,32.0,52174,56894,109068,0,0,0,52174,56894,109068,147.3272,-42.8821
2059,hobart,May-05,2005,5,509.0,56.0,518.0,49.0,58273,62555,120828,0,0,0,58273,62555,120828,147.3272,-42.8821
2060,hobart,May-06,2006,5,498.0,63.0,448.0,51.0,57520,62512,120032,0,0,0,57520,62512,120032,147.3272,-42.8821
2061,hobart,May-07,2007,5,457.0,37.0,442.0,53.0,62339,66819,129158,0,0,0,62339,66819,129158,147.3272,-42.8821
2062,hobart,May-08,2008,5,479.0,82.0,454.0,108.0,69001,73578,142579,0,0,0,69001,73578,142579,147.3272,-42.8821
2063,hobart,May-09,2009,5,360.0,115.0,382.0,93.0,71580,76766,148346,0,0,0,71580,76766,148346,147.3272,-42.8821
2064,hobart,May-10,2010,5,436.0,95.0,443.0,89.0,70607,76458,147065,0,0,0,70607,76458,147065,147.3272,-42.8821
2065,hobart,May-11,2011,5,336.0,124.0,355.0,104.0,69370,76509,145879,0,0,0,69370,76509,145879,147.3272,-42.8821
2066,hobart,May-12,2012,5,389.0,93.0,406.0,76.0,66036,73834,139870,0,0,0,66036,73834,139870,147.3272,-42.8821
2067,hobart,May-13,2013,5,442.0,91.0,453.0,80.0,74986,75030,150016,0,0,0,74986,75030,150016,147.3272,-42.8821
2068,hobart,May-14,2014,5,488.0,104.0,501.0,90.0,76390,76964,153354,0,0,0,76390,76964,153354,147.3272,-42.8821
2069,hobart,May-15,2015,5,570.0,91.0,579.0,86.0,79587,82903,162490,0,0,0,79587,82903,162490,147.3272,-42.8821
2070,hobart,May-16,2016,5,544.0,141.0,585.0,102.0,86020,90531,176551,0,0,0,86020,90531,176551,147.3272,-42.8821
2071,hobart,May-17,2017,5,521.0,150.0,579.0,92.0,88382,92193,180575,0,0,0,88382,92193,180575,147.3272,-42.8821
2072,hobart,May-18,2018,5,518.0,138.0,539.0,119.0,90232,93341,183573,0,0,0,90232,93341,183573,147.3272,-42.8821
2073,hobart,May-19,2019,5,515.0,165.0,546.0,138.0,95801,98915,194716,0,0,0,95801,98915,194716,147.3272,-42.8821
2074,hobart,May-21,2021,5,464.0,107.0,458.0,111.0,74074,79535,153609,488,562,1050,74562,80097,154659,147.3272,-42.8821
2075,hobart,May-22,2022,5,395.0,290.0,427.0,263.0,93746,96842,190588,0,0,0,93746,96842,190588,147.3272,-42.8821
2076,hobart,May-23,2023,5,476.0,183.0,459.0,202.0,92852,97147,189999,905,965,1870,93757,98112,191869,147.3272,-42.8821
2077,hobart,Nov-04,2004,11,405.0,65.0,393.0,75.0,62990,63846,126836,0,0,0,62990,63846,126836,147.3272,-42.8821
2078,hobart,Nov-05,2005,11,425.0,86.0,413.0,96.0,69129,68934,138063,0,0,0,69129,68934,138063,147.3272,-42.8821
2079,hobart,Nov-06,2006,11,410.0,74.0,388.0,96.0,71053,71488,142541,0,0,0,71053,71488,142541,147.3272,-42.8821
2080,hobart,Nov-07,2007,11,404.0,102.0,351.0,155.0,74359,73884,148243,0,0,0,74359,73884,148243,147.3272,-42.8821
2081,hobart,Nov-08,2008,11,435.0,89.0,407.0,117.0,79286,79833,159119,0,0,0,79286,79833,159119,147.3272,-42.8821
2082,hobart,Nov-09,2009,11,375.0,93.0,368.0,100.0,78141,78185,156326,0,0,0,78141,78185,156326,147.3272,-42.8821
2083,hobart,Nov-10,2010,11,432.0,101.0,448.0,86.0,80259,81028,161287,0,0,0,80259,81028,161287,147.3272,-42.8821
2084,hobart,Nov-11,2011,11,334.0,125.0,368.0,93.0,76263,76813,153076,0,0,0,76263,76813,153076,147.3272,-42.8821
2085,hobart,Nov-12,2012,11,487.0,155.0,489.0,153.0,91650,90863,182513,0,0,0,91650,90863,182513,147.3272,-42.8821
2086,hobart,Nov-13,2013,11,444.0,150.0,463.0,131.0,91192,90315,181507,0,0,0,91192,90315,181507,147.3272,-42.8821
2087,hobart,Nov-14,2014,11,520.0,159.0,534.0,147.0,94398,94140,188538,0,0,0,94398,94140,188538,147.3272,-42.8821
2088,hobart,Nov-15,2015,11,508.0,211.0,553.0,165.0,99925,99671,199596,0,0,0,99925,99671,199596,147.3272,-42.8821
2089,hobart,Nov-16,2016,11,495.0,248.0,570.0,175.0,103495,103545,207040,0,0,0,103495,103545,207040,147.3272,-42.8821
2090,hobart,Nov-17,2017,11,489.0,239.0,549.0,182.0,110717,110395,221112,0,0,0,110717,110395,221112,147.3272,-42.8821
2091,hobart,Nov-18,2018,11,506.0,253.0,571.0,193.0,119996,117668,237664,0,0,0,119996,117668,237664,147.3272,-42.8821
2092,hobart,Nov-19,2019,11,544.0,238.0,578.0,208.0,123885,123263,247148,0,0,0,123885,123263,247148,147.3272,-42.8821
2093,hobart,Nov-20,2020,11,146.0,27.0,147.0,24.0,23926,21419,45345,0,0,0,23926,21419,45345,147.3272,-42.8821
2094,hobart,Nov-21,2021,11,179.0,30.0,196.0,14.0,32624,32982,65606,0,0,0,32624,32982,65606,147.3272,-42.8821
2095,hobart,Nov-22,2022,11,378.0,328.0,445.0,268.0,106859,106469,213328,1778,1801,3579,108637,108270,216907,147.3272,-42.8821
2096,hobart,Nov-23,2023,11,413.0,288.0,431.0,273.0,113296,111212,224508,1884,1970,3854,115180,113182,228362,147.3272,-42.8821
2097,hobart,Oct-04,2004,10,409.0,67.0,392.0,86.0,61708,61472,123180,0,0,0,61708,61472,123180,147.3272,-42.8821
2098,hobart,Oct-05,2005,10,432.0,79.0,407.0,104.0,67226,67310,134536,0,0,0,67226,67310,134536,147.3272,-42.8821
2099,hobart,Oct-06,2006,10,446.0,66.0,431.0,68.0,69747,69473,139220,0,0,0,69747,69473,139220,147.3272,-42.8821
2100,hobart,Oct-07,2007,10,419.0,76.0,376.0,120.0,71647,72259,143906,0,0,0,71647,72259,143906,147.3272,-42.8821
2101,hobart,Oct-08,2008,10,459.0,84.0,428.0,115.0,77153,78819,155972,0,0,0,77153,78819,155972,147.3272,-42.8821
2102,hobart,Oct-09,2009,10,390.0,107.0,395.0,103.0,79255,78683,157938,0,0,0,79255,78683,157938,147.3272,-42.8821
2103,hobart,Oct-10,2010,10,411.0,134.0,415.0,130.0,78044,78129,156173,0,0,0,78044,78129,156173,147.3272,-42.8821
2104,hobart,Oct-11,2011,10,342.0,121.0,359.0,106.0,74678,75770,150448,0,0,0,74678,75770,150448,147.3272,-42.8821
2105,hobart,Oct-12,2012,10,458.0,101.0,481.0,78.0,81473,84636,166109,0,0,0,81473,84636,166109,147.3272,-42.8821
2106,hobart,Oct-13,2013,10,420.0,190.0,442.0,168.0,91869,89038,180907,0,0,0,91869,89038,180907,147.3272,-42.8821
2107,hobart,Oct-14,2014,10,544.0,166.0,550.0,158.0,95303,91155,186458,0,0,0,95303,91155,186458,147.3272,-42.8821
2108,hobart,Oct-15,2015,10,559.0,156.0,588.0,130.0,99361,94374,193735,0,0,0,99361,94374,193735,147.3272,-42.8821
2109,hobart,Oct-16,2016,10,549.0,213.0,607.0,157.0,104258,101159,205417,0,0,0,104258,101159,205417,147.3272,-42.8821
2110,hobart,Oct-17,2017,10,516.0,224.0,573.0,170.0,108902,108200,217102,0,0,0,108902,108200,217102,147.3272,-42.8821
2111,hobart,Oct-18,2018,10,590.0,197.0,616.0,172.0,118753,117015,235768,0,0,0,118753,117015,235768,147.3272,-42.8821
2112,hobart,Oct-19,2019,10,532.0,239.0,563.0,209.0,121894,119785,241679,0,0,0,121894,119785,241679,147.3272,-42.8821
2113,hobart,Oct-20,2020,10,47.0,3.0,48.0,3.0,4246,4699,8945,0,0,0,4246,4699,8945,147.3272,-42.8821
2114,hobart,Oct-21,2021,10,165.0,26.0,179.0,15.0,27175,26525,53700,0,0,0,27175,26525,53700,147.3272,-42.8821
2115,hobart,Oct-22,2022,10,410.0,232.0,444.0,202.0,103985,102869,206854,1508,1468,2976,105493,104337,209830,147.3272,-42.8821
2116,hobart,Oct-23,2023,10,505.0,226.0,515.0,219.0,112922,111912,224834,1328,1307,2635,114250,113219,227469,147.3272,-42.8821
2117,hobart,Sep-04,2004,9,420.0,59.0,411.0,68.0,60757,56540,117297,0,0,0,60757,56540,117297,147.3272,-42.8821
2118,hobart,Sep-05,2005,9,438.0,61.0,432.0,66.0,68648,63355,132003,0,0,0,68648,63355,132003,147.3272,-42.8821
2119,hobart,Sep-06,2006,9,409.0,65.0,419.0,57.0,65005,62128,127133,0,0,0,65005,62128,127133,147.3272,-42.8821
2120,hobart,Sep-07,2007,9,391.0,89.0,370.0,110.0,70254,66678,136932,0,0,0,70254,66678,136932,147.3272,-42.8821
2121,hobart,Sep-08,2008,9,451.0,80.0,411.0,120.0,75474,71859,147333,0,0,0,75474,71859,147333,147.3272,-42.8821
2122,hobart,Sep-09,2009,9,369.0,125.0,358.0,137.0,77671,73040,150711,0,0,0,77671,73040,150711,147.3272,-42.8821
2123,hobart,Sep-10,2010,9,390.0,125.0,374.0,141.0,79678,71781,151459,0,0,0,79678,71781,151459,147.3272,-42.8821
2124,hobart,Sep-11,2011,9,340.0,105.0,343.0,101.0,74384,66544,140928,0,0,0,74384,66544,140928,147.3272,-42.8821
2125,hobart,Sep-12,2012,9,384.0,138.0,385.0,137.0,82379,73729,156108,0,0,0,82379,73729,156108,147.3272,-42.8821
2126,hobart,Sep-13,2013,9,469.0,121.0,476.0,118.0,81809,78832,160641,0,0,0,81809,78832,160641,147.3272,-42.8821
2127,hobart,Sep-14,2014,9,565.0,108.0,567.0,106.0,81768,78408,160176,0,0,0,81768,78408,160176,147.3272,-42.8821
2128,hobart,Sep-15,2015,9,572.0,102.0,587.0,88.0,86809,83347,170156,0,0,0,86809,83347,170156,147.3272,-42.8821
2129,hobart,Sep-16,2016,9,573.0,144.0,599.0,119.0,94732,90362,185094,0,0,0,94732,90362,185094,147.3272,-42.8821
2130,hobart,Sep-17,2017,9,477.0,216.0,504.0,187.0,97992,91468,189460,0,0,0,97992,91468,189460,147.3272,-42.8821
2131,hobart,Sep-18,2018,9,523.0,176.0,549.0,150.0,101772,96920,198692,0,0,0,101772,96920,198692,147.3272,-42.8821
2132,hobart,Sep-19,2019,9,511.0,206.0,514.0,203.0,108777,103743,212520,0,0,0,108777,103743,212520,147.3272,-42.8821
2133,hobart,Sep-20,2020,9,38.0,4.0,40.0,2.0,2423,2660,5083,0,0,0,2423,2660,5083,147.3272,-42.8821
2134,hobart,Sep-21,2021,9,161.0,10.0,165.0,6.0,25466,24138,49604,0,0,0,25466,24138,49604,147.3272,-42.8821
2135,hobart,Sep-22,2022,9,366.0,229.0,400.0,195.0,95823,90097,185920,947,904,1851,96770,91001,187771,147.3272,-42.8821
2136,hobart,Sep-23,2023,9,448.0,221.0,438.0,229.0,101661,96216,197877,907,889,1796,102568,97105,199673,147.3272,-42.8821
2137,karratha,Apr-05,2005,4,115.0,12.0,112.0,10.0,9783,9724,19507,0,0,0,9783,9724,19507,116.8463,-20.7377
2138,karratha,Apr-06,2006,4,90.0,19.0,101.0,22.0,11489,11122,22611,0,0,0,11489,11122,22611,116.8463,-20.7377
2139,karratha,Apr-09,2009,4,201.0,34.0,203.0,30.0,21474,21891,43365,0,0,0,21474,21891,43365,116.8463,-20.7377
2140,karratha,Apr-10,2010,4,257.0,33.0,251.0,40.0,24569,24978,49547,0,0,0,24569,24978,49547,116.8463,-20.7377
2141,karratha,Apr-11,2011,4,220.0,53.0,235.0,39.0,27897,29468,57365,0,0,0,27897,29468,57365,116.8463,-20.7377
2142,karratha,Apr-12,2012,4,236.0,55.0,251.0,42.0,32696,32413,65109,0,0,0,32696,32413,65109,116.8463,-20.7377
2143,karratha,Apr-13,2013,4,270.0,24.0,278.0,15.0,35446,34139,69585,0,0,0,35446,34139,69585,116.8463,-20.7377
2144,karratha,Apr-14,2014,4,288.0,20.0,294.0,16.0,30455,29751,60206,0,0,0,30455,29751,60206,116.8463,-20.7377
2145,karratha,Apr-15,2015,4,277.0,18.0,276.0,19.0,26116,26467,52583,0,0,0,26116,26467,52583,116.8463,-20.7377
2146,karratha,Apr-16,2016,4,240.0,25.0,241.0,25.0,20794,21126,41920,0,0,0,20794,21126,41920,116.8463,-20.7377
2147,karratha,Apr-17,2017,4,221.0,18.0,226.0,16.0,17755,17832,35587,0,0,0,17755,17832,35587,116.8463,-20.7377
2148,karratha,Apr-18,2018,4,196.0,38.0,200.0,36.0,18165,17789,35954,0,0,0,18165,17789,35954,116.8463,-20.7377
2149,karratha,Apr-19,2019,4,196.0,38.0,198.0,42.0,20502,19057,39559,0,0,0,20502,19057,39559,116.8463,-20.7377
2150,karratha,Apr-20,2020,4,45.0,2.0,48.0,0.0,1530,1737,3267,0,0,0,1530,1737,3267,116.8463,-20.7377
2151,karratha,Apr-21,2021,4,143.0,38.0,144.0,35.0,16465,16259,32724,0,0,0,16465,16259,32724,116.8463,-20.7377
2152,karratha,Apr-22,2022,4,142.0,38.0,152.0,33.0,19106,18921,38027,0,0,0,19106,18921,38027,116.8463,-20.7377
2153,karratha,Apr-23,2023,4,140.0,42.0,152.0,30.0,20923,20892,41815,0,0,0,20923,20892,41815,116.8463,-20.7377
2154,karratha,Aug-05,2005,8,121.0,12.0,125.0,14.0,10781,10905,21686,0,0,0,10781,10905,21686,116.8463,-20.7377
2155,karratha,Aug-06,2006,8,114.0,13.0,100.0,16.0,13412,13258,26670,0,0,0,13412,13258,26670,116.8463,-20.7377
2156,karratha,Aug-09,2009,8,228.0,23.0,229.0,21.0,23605,23680,47285,0,0,0,23605,23680,47285,116.8463,-20.7377
2157,karratha,Aug-10,2010,8,251.0,36.0,253.0,33.0,26944,27139,54083,0,0,0,26944,27139,54083,116.8463,-20.7377
2158,karratha,Aug-11,2011,8,250.0,42.0,253.0,38.0,34720,34325,69045,0,0,0,34720,34325,69045,116.8463,-20.7377
2159,karratha,Aug-12,2012,8,254.0,56.0,244.0,67.0,35698,37034,72732,0,0,0,35698,37034,72732,116.8463,-20.7377
2160,karratha,Aug-13,2013,8,286.0,26.0,302.0,15.0,30780,32734,63514,0,0,0,30780,32734,63514,116.8463,-20.7377
2161,karratha,Aug-14,2014,8,251.0,37.0,266.0,24.0,29933,30828,60761,0,0,0,29933,30828,60761,116.8463,-20.7377
2162,karratha,Aug-15,2015,8,268.0,15.0,265.0,21.0,25386,24763,50149,0,0,0,25386,24763,50149,116.8463,-20.7377
2163,karratha,Aug-16,2016,8,259.0,24.0,262.0,27.0,21137,20783,41920,0,0,0,21137,20783,41920,116.8463,-20.7377
2164,karratha,Aug-17,2017,8,229.0,28.0,232.0,30.0,18683,18913,37596,0,0,0,18683,18913,37596,116.8463,-20.7377
2165,karratha,Aug-18,2018,8,203.0,50.0,196.0,59.0,19304,20876,40180,0,0,0,19304,20876,40180,116.8463,-20.7377
2166,karratha,Aug-19,2019,8,215.0,32.0,210.0,39.0,19737,21258,40995,0,0,0,19737,21258,40995,116.8463,-20.7377
2167,karratha,Aug-20,2020,8,116.0,19.0,119.0,16.0,10688,9863,20551,0,0,0,10688,9863,20551,116.8463,-20.7377
2168,karratha,Aug-21,2021,8,163.0,26.0,166.0,20.0,19918,19057,38975,0,0,0,19918,19057,38975,116.8463,-20.7377
2169,karratha,Aug-22,2022,8,105.0,87.0,121.0,75.0,24231,24582,48813,0,0,0,24231,24582,48813,116.8463,-20.7377
2170,karratha,Aug-23,2023,8,134.0,72.0,151.0,55.0,24946,25080,50026,0,0,0,24946,25080,50026,116.8463,-20.7377
2171,karratha,Dec-04,2004,12,111.0,12.0,119.0,8.0,7402,10029,17431,0,0,0,7402,10029,17431,116.8463,-20.7377
2172,karratha,Dec-05,2005,12,104.0,20.0,119.0,11.0,8955,11416,20371,0,0,0,8955,11416,20371,116.8463,-20.7377
2173,karratha,Dec-08,2008,12,180.0,39.0,186.0,36.0,16113,21398,37511,0,0,0,16113,21398,37511,116.8463,-20.7377
2174,karratha,Dec-09,2009,12,236.0,24.0,234.0,21.0,19846,26184,46030,0,0,0,19846,26184,46030,116.8463,-20.7377
2175,karratha,Dec-10,2010,12,241.0,41.0,239.0,27.0,22220,31415,53635,0,0,0,22220,31415,53635,116.8463,-20.7377
2176,karratha,Dec-11,2011,12,227.0,66.0,249.0,41.0,25815,36053,61868,0,0,0,25815,36053,61868,116.8463,-20.7377
2177,karratha,Dec-12,2012,12,216.0,69.0,230.0,58.0,26940,34161,61101,0,0,0,26940,34161,61101,116.8463,-20.7377
2178,karratha,Dec-13,2013,12,277.0,22.0,283.0,17.0,23416,31481,54897,0,0,0,23416,31481,54897,116.8463,-20.7377
2179,karratha,Dec-14,2014,12,268.0,15.0,264.0,20.0,22578,29886,52464,0,0,0,22578,29886,52464,116.8463,-20.7377
2180,karratha,Dec-15,2015,12,265.0,19.0,264.0,22.0,20550,25239,45789,0,0,0,20550,25239,45789,116.8463,-20.7377
2181,karratha,Dec-16,2016,12,225.0,35.0,240.0,21.0,15435,19862,35297,0,0,0,15435,19862,35297,116.8463,-20.7377
2182,karratha,Dec-17,2017,12,213.0,22.0,217.0,21.0,14755,18450,33205,0,0,0,14755,18450,33205,116.8463,-20.7377
2183,karratha,Dec-18,2018,12,201.0,32.0,205.0,28.0,14547,17695,32242,0,0,0,14547,17695,32242,116.8463,-20.7377
2184,karratha,Dec-19,2019,12,187.0,51.0,210.0,28.0,16792,20784,37576,0,0,0,16792,20784,37576,116.8463,-20.7377
2185,karratha,Dec-20,2020,12,141.0,45.0,152.0,36.0,12869,16262,29131,0,0,0,12869,16262,29131,116.8463,-20.7377
2186,karratha,Dec-21,2021,12,169.0,21.0,176.0,15.0,15836,19532,35368,0,0,0,15836,19532,35368,116.8463,-20.7377
2187,karratha,Dec-22,2022,12,126.0,54.0,149.0,31.0,16595,22025,38620,0,0,0,16595,22025,38620,116.8463,-20.7377
2188,karratha,Feb-05,2005,2,99.0,12.0,104.0,14.0,8564,8636,17200,0,0,0,8564,8636,17200,116.8463,-20.7377
2189,karratha,Feb-06,2006,2,99.0,7.0,103.0,11.0,8567,9151,17718,0,0,0,8567,9151,17718,116.8463,-20.7377
2190,karratha,Feb-09,2009,2,197.0,19.0,196.0,20.0,18104,18605,36709,0,0,0,18104,18605,36709,116.8463,-20.7377
2191,karratha,Feb-10,2010,2,211.0,29.0,218.0,23.0,22216,22442,44658,0,0,0,22216,22442,44658,116.8463,-20.7377
2192,karratha,Feb-11,2011,2,191.0,56.0,198.0,55.0,25213,24858,50071,0,0,0,25213,24858,50071,116.8463,-20.7377
2193,karratha,Feb-12,2012,2,258.0,38.0,265.0,34.0,32776,31847,64623,0,0,0,32776,31847,64623,116.8463,-20.7377
2194,karratha,Feb-13,2013,2,205.0,29.0,216.0,24.0,28156,28674,56830,0,0,0,28156,28674,56830,116.8463,-20.7377
2195,karratha,Feb-14,2014,2,287.0,14.0,293.0,8.0,27868,27687,55555,0,0,0,27868,27687,55555,116.8463,-20.7377
2196,karratha,Feb-15,2015,2,261.0,11.0,255.0,18.0,23907,24807,48714,0,0,0,23907,24807,48714,116.8463,-20.7377
2197,karratha,Feb-16,2016,2,261.0,20.0,260.0,22.0,20037,19143,39180,0,0,0,20037,19143,39180,116.8463,-20.7377
2198,karratha,Feb-17,2017,2,187.0,43.0,196.0,37.0,16771,16556,33327,0,0,0,16771,16556,33327,116.8463,-20.7377
2199,karratha,Feb-18,2018,2,213.0,16.0,212.0,19.0,16207,16221,32428,0,0,0,16207,16221,32428,116.8463,-20.7377
2200,karratha,Feb-19,2019,2,207.0,25.0,210.0,26.0,16700,17111,33811,0,0,0,16700,17111,33811,116.8463,-20.7377
2201,karratha,Feb-20,2020,2,174.0,45.0,178.0,41.0,17774,17772,35546,0,0,0,17774,17772,35546,116.8463,-20.7377
2202,karratha,Feb-21,2021,2,131.0,33.0,131.0,35.0,10817,10429,21246,0,0,0,10817,10429,21246,116.8463,-20.7377
2203,karratha,Feb-22,2022,2,171.0,11.0,172.0,10.0,15234,15558,30792,0,0,0,15234,15558,30792,116.8463,-20.7377
2204,karratha,Feb-23,2023,2,145.0,29.0,145.0,31.0,19746,19880,39626,0,0,0,19746,19880,39626,116.8463,-20.7377
2205,karratha,Jan-05,2005,1,116.0,10.0,125.0,9.0,10096,7575,17671,0,0,0,10096,7575,17671,116.8463,-20.7377
2206,karratha,Jan-06,2006,1,95.0,17.0,100.0,19.0,11173,9299,20472,0,0,0,11173,9299,20472,116.8463,-20.7377
2207,karratha,Jan-09,2009,1,198.0,26.0,199.0,27.0,19832,15380,35212,0,0,0,19832,15380,35212,116.8463,-20.7377
2208,karratha,Jan-10,2010,1,250.0,12.0,252.0,11.0,24349,19774,44123,0,0,0,24349,19774,44123,116.8463,-20.7377
2209,karratha,Jan-11,2011,1,224.0,56.0,234.0,55.0,29255,21348,50603,0,0,0,29255,21348,50603,116.8463,-20.7377
2210,karratha,Jan-12,2012,1,272.0,45.0,257.0,62.0,35138,26597,61735,0,0,0,35138,26597,61735,116.8463,-20.7377
2211,karratha,Jan-13,2013,1,241.0,55.0,251.0,45.0,36313,28259,64572,0,0,0,36313,28259,64572,116.8463,-20.7377
2212,karratha,Jan-14,2014,1,313.0,19.0,319.0,13.0,32683,25686,58369,0,0,0,32683,25686,58369,116.8463,-20.7377
2213,karratha,Jan-15,2015,1,257.0,25.0,248.0,35.0,27371,21795,49166,0,0,0,27371,21795,49166,116.8463,-20.7377
2214,karratha,Jan-16,2016,1,255.0,23.0,246.0,34.0,21683,18456,40139,0,0,0,21683,18456,40139,116.8463,-20.7377
2215,karratha,Jan-17,2017,1,226.0,31.0,234.0,31.0,19267,15565,34832,0,0,0,19267,15565,34832,116.8463,-20.7377
2216,karratha,Jan-18,2018,1,231.0,24.0,234.0,24.0,18381,15119,33500,0,0,0,18381,15119,33500,116.8463,-20.7377
2217,karratha,Jan-19,2019,1,239.0,18.0,237.0,27.0,19400,16331,35731,0,0,0,19400,16331,35731,116.8463,-20.7377
2218,karratha,Jan-20,2020,1,228.0,25.0,232.0,23.0,21219,17595,38814,0,0,0,21219,17595,38814,116.8463,-20.7377
2219,karratha,Jan-21,2021,1,153.0,23.0,155.0,28.0,14342,12861,27203,0,0,0,14342,12861,27203,116.8463,-20.7377
2220,karratha,Jan-22,2022,1,180.0,11.0,185.0,16.0,17716,14557,32273,0,0,0,17716,14557,32273,116.8463,-20.7377
2221,karratha,Jan-23,2023,1,152.0,36.0,156.0,38.0,21993,17416,39409,0,0,0,21993,17416,39409,116.8463,-20.7377
2222,karratha,Jul-05,2005,7,106.0,22.0,114.0,18.0,10826,10979,21805,0,0,0,10826,10979,21805,116.8463,-20.7377
2223,karratha,Jul-06,2006,7,118.0,10.0,110.0,8.0,13860,13760,27620,0,0,0,13860,13760,27620,116.8463,-20.7377
2224,karratha,Jul-09,2009,7,217.0,43.0,229.0,31.0,23748,24514,48262,0,0,0,23748,24514,48262,116.8463,-20.7377
2225,karratha,Jul-10,2010,7,245.0,33.0,255.0,26.0,27369,28283,55652,0,0,0,27369,28283,55652,116.8463,-20.7377
2226,karratha,Jul-11,2011,7,225.0,70.0,220.0,79.0,33496,34124,67620,0,0,0,33496,34124,67620,116.8463,-20.7377
2227,karratha,Jul-12,2012,7,261.0,42.0,269.0,36.0,36532,35987,72519,0,0,0,36532,35987,72519,116.8463,-20.7377
2228,karratha,Jul-13,2013,7,281.0,44.0,298.0,28.0,35629,34747,70376,0,0,0,35629,34747,70376,116.8463,-20.7377
2229,karratha,Jul-14,2014,7,248.0,49.0,265.0,33.0,31443,31190,62633,0,0,0,31443,31190,62633,116.8463,-20.7377
2230,karratha,Jul-15,2015,7,271.0,28.0,284.0,19.0,27639,27574,55213,0,0,0,27639,27574,55213,116.8463,-20.7377
2231,karratha,Jul-16,2016,7,242.0,25.0,242.0,27.0,20847,20392,41239,0,0,0,20847,20392,41239,116.8463,-20.7377
2232,karratha,Jul-17,2017,7,219.0,31.0,222.0,28.0,18287,18243,36530,0,0,0,18287,18243,36530,116.8463,-20.7377
2233,karratha,Jul-18,2018,7,183.0,67.0,197.0,53.0,20535,19601,40136,0,0,0,20535,19601,40136,116.8463,-20.7377
2234,karratha,Jul-19,2019,7,214.0,36.0,203.0,49.0,21722,20762,42484,0,0,0,21722,20762,42484,116.8463,-20.7377
2235,karratha,Jul-20,2020,7,65.0,29.0,84.0,10.0,7827,8130,15957,0,0,0,7827,8130,15957,116.8463,-20.7377
2236,karratha,Jul-21,2021,7,153.0,33.0,162.0,23.0,18163,19152,37315,0,0,0,18163,19152,37315,116.8463,-20.7377
2237,karratha,Jul-22,2022,7,68.0,116.0,93.0,93.0,22417,22435,44852,0,0,0,22417,22435,44852,116.8463,-20.7377
2238,karratha,Jul-23,2023,7,101.0,91.0,125.0,67.0,23656,23968,47624,0,0,0,23656,23968,47624,116.8463,-20.7377
2239,karratha,Jun-05,2005,6,114.0,11.0,121.0,10.0,9913,10149,20062,0,0,0,9913,10149,20062,116.8463,-20.7377
2240,karratha,Jun-06,2006,6,122.0,8.0,105.0,10.0,12252,12849,25101,0,0,0,12252,12849,25101,116.8463,-20.7377
2241,karratha,Jun-09,2009,6,206.0,44.0,203.0,47.0,22665,22113,44778,0,0,0,22665,22113,44778,116.8463,-20.7377
2242,karratha,Jun-10,2010,6,246.0,33.0,250.0,31.0,25089,26131,51220,0,0,0,25089,26131,51220,116.8463,-20.7377
2243,karratha,Jun-11,2011,6,229.0,62.0,236.0,57.0,29391,29639,59030,0,0,0,29391,29639,59030,116.8463,-20.7377
2244,karratha,Jun-12,2012,6,223.0,68.0,232.0,60.0,33144,33878,67022,0,0,0,33144,33878,67022,116.8463,-20.7377
2245,karratha,Jun-13,2013,6,244.0,28.0,251.0,22.0,30804,33201,64005,0,0,0,30804,33201,64005,116.8463,-20.7377
2246,karratha,Jun-14,2014,6,260.0,25.0,269.0,18.0,28853,28240,57093,0,0,0,28853,28240,57093,116.8463,-20.7377
2247,karratha,Jun-15,2015,6,285.0,10.0,279.0,17.0,24647,25348,49995,0,0,0,24647,25348,49995,116.8463,-20.7377
2248,karratha,Jun-16,2016,6,216.0,38.0,213.0,44.0,20235,21159,41394,0,0,0,20235,21159,41394,116.8463,-20.7377
2249,karratha,Jun-17,2017,6,225.0,30.0,239.0,17.0,19009,19354,38363,0,0,0,19009,19354,38363,116.8463,-20.7377
2250,karratha,Jun-18,2018,6,192.0,54.0,185.0,61.0,18066,18853,36919,0,0,0,18066,18853,36919,116.8463,-20.7377
2251,karratha,Jun-19,2019,6,204.0,23.0,197.0,34.0,18533,18505,37038,0,0,0,18533,18505,37038,116.8463,-20.7377
2252,karratha,Jun-20,2020,6,22.0,12.0,32.0,2.0,3414,3651,7065,0,0,0,3414,3651,7065,116.8463,-20.7377
2253,karratha,Jun-21,2021,6,153.0,37.0,154.0,35.0,18619,18578,37197,0,0,0,18619,18578,37197,116.8463,-20.7377
2254,karratha,Jun-22,2022,6,99.0,95.0,119.0,75.0,22178,22418,44596,0,0,0,22178,22418,44596,116.8463,-20.7377
2255,karratha,Jun-23,2023,6,122.0,70.0,145.0,47.0,22882,23806,46688,0,0,0,22882,23806,46688,116.8463,-20.7377
2256,karratha,Mar-05,2005,3,104.0,21.0,108.0,20.0,9496,9922,19418,0,0,0,9496,9922,19418,116.8463,-20.7377
2257,karratha,Mar-06,2006,3,110.0,16.0,116.0,17.0,10875,11189,22064,0,0,0,10875,11189,22064,116.8463,-20.7377
2258,karratha,Mar-09,2009,3,215.0,25.0,209.0,34.0,21324,19676,41000,0,0,0,21324,19676,41000,116.8463,-20.7377
2259,karratha,Mar-10,2010,3,240.0,45.0,246.0,38.0,26812,26767,53579,0,0,0,26812,26767,53579,116.8463,-20.7377
2260,karratha,Mar-11,2011,3,245.0,44.0,243.0,48.0,31078,29797,60875,0,0,0,31078,29797,60875,116.8463,-20.7377
2261,karratha,Mar-12,2012,3,241.0,63.0,254.0,50.0,33169,34540,67709,0,0,0,33169,34540,67709,116.8463,-20.7377
2262,karratha,Mar-13,2013,3,247.0,44.0,244.0,47.0,34364,33386,67750,0,0,0,34364,33386,67750,116.8463,-20.7377
2263,karratha,Mar-14,2014,3,302.0,14.0,303.0,14.0,29871,29163,59034,0,0,0,29871,29163,59034,116.8463,-20.7377
2264,karratha,Mar-15,2015,3,274.0,18.0,270.0,24.0,25836,25992,51828,0,0,0,25836,25992,51828,116.8463,-20.7377
2265,karratha,Mar-16,2016,3,277.0,19.0,281.0,16.0,21020,21745,42765,0,0,0,21020,21745,42765,116.8463,-20.7377
2266,karratha,Mar-17,2017,3,229.0,39.0,238.0,34.0,19207,19750,38957,0,0,0,19207,19750,38957,116.8463,-20.7377
2267,karratha,Mar-18,2018,3,224.0,30.0,225.0,30.0,17697,18856,36553,0,0,0,17697,18856,36553,116.8463,-20.7377
2268,karratha,Mar-19,2019,3,199.0,33.0,207.0,28.0,17479,17698,35177,0,0,0,17479,17698,35177,116.8463,-20.7377
2269,karratha,Mar-20,2020,3,232.0,10.0,229.0,16.0,13511,14175,27686,0,0,0,13511,14175,27686,116.8463,-20.7377
2270,karratha,Mar-21,2021,3,147.0,44.0,141.0,52.0,17276,17120,34396,0,0,0,17276,17120,34396,116.8463,-20.7377
2271,karratha,Mar-22,2022,3,185.0,17.0,187.0,18.0,18011,18331,36342,0,0,0,18011,18331,36342,116.8463,-20.7377
2272,karratha,Mar-23,2023,3,129.0,68.0,152.0,46.0,22296,23103,45399,0,0,0,22296,23103,45399,116.8463,-20.7377
2273,karratha,May-05,2005,5,117.0,15.0,108.0,21.0,9780,9587,19367,0,0,0,9780,9587,19367,116.8463,-20.7377
2274,karratha,May-06,2006,5,111.0,21.0,114.0,14.0,13005,12610,25615,0,0,0,13005,12610,25615,116.8463,-20.7377
2275,karratha,May-09,2009,5,227.0,22.0,231.0,16.0,21794,22334,44128,0,0,0,21794,22334,44128,116.8463,-20.7377
2276,karratha,May-10,2010,5,258.0,37.0,261.0,34.0,25101,25006,50107,0,0,0,25101,25006,50107,116.8463,-20.7377
2277,karratha,May-11,2011,5,228.0,62.0,236.0,56.0,31295,30395,61690,0,0,0,31295,30395,61690,116.8463,-20.7377
2278,karratha,May-12,2012,5,269.0,43.0,272.0,41.0,35798,35628,71426,0,0,0,35798,35628,71426,116.8463,-20.7377
2279,karratha,May-13,2013,5,262.0,43.0,266.0,41.0,35926,36065,71991,0,0,0,35926,36065,71991,116.8463,-20.7377
2280,karratha,May-14,2014,5,277.0,36.0,290.0,27.0,30029,31630,61659,0,0,0,30029,31630,61659,116.8463,-20.7377
2281,karratha,May-15,2015,5,266.0,27.0,268.0,26.0,25042,25160,50202,0,0,0,25042,25160,50202,116.8463,-20.7377
2282,karratha,May-16,2016,5,245.0,24.0,236.0,37.0,23696,22587,46283,0,0,0,23696,22587,46283,116.8463,-20.7377
2283,karratha,May-17,2017,5,233.0,28.0,246.0,18.0,20502,19185,39687,0,0,0,20502,19185,39687,116.8463,-20.7377
2284,karratha,May-18,2018,5,226.0,42.0,241.0,29.0,19779,19469,39248,0,0,0,19779,19469,39248,116.8463,-20.7377
2285,karratha,May-19,2019,5,236.0,26.0,231.0,31.0,19119,20624,39743,0,0,0,19119,20624,39743,116.8463,-20.7377
2286,karratha,May-20,2020,5,13.0,3.0,16.0,0.0,1356,1295,2651,0,0,0,1356,1295,2651,116.8463,-20.7377
2287,karratha,May-21,2021,5,134.0,54.0,144.0,41.0,18338,17735,36073,0,0,0,18338,17735,36073,116.8463,-20.7377
2288,karratha,May-22,2022,5,100.0,85.0,123.0,68.0,20102,20666,40768,0,0,0,20102,20666,40768,116.8463,-20.7377
2289,karratha,May-23,2023,5,135.0,65.0,158.0,44.0,24409,23182,47591,0,0,0,24409,23182,47591,116.8463,-20.7377
2290,karratha,Nov-04,2004,11,110.0,15.0,114.0,13.0,9148,8972,18120,0,0,0,9148,8972,18120,116.8463,-20.7377
2291,karratha,Nov-05,2005,11,112.0,12.0,121.0,13.0,10415,10561,20976,0,0,0,10415,10561,20976,116.8463,-20.7377
2292,karratha,Nov-08,2008,11,162.0,32.0,165.0,32.0,20191,20048,40239,0,0,0,20191,20048,40239,116.8463,-20.7377
2293,karratha,Nov-09,2009,11,228.0,32.0,232.0,28.0,25346,24944,50290,0,0,0,25346,24944,50290,116.8463,-20.7377
2294,karratha,Nov-10,2010,11,237.0,41.0,244.0,32.0,29171,28616,57787,0,0,0,29171,28616,57787,116.8463,-20.7377
2295,karratha,Nov-11,2011,11,255.0,41.0,252.0,43.0,36031,34173,70204,0,0,0,36031,34173,70204,116.8463,-20.7377
2296,karratha,Nov-12,2012,11,253.0,50.0,251.0,52.0,35586,35948,71534,0,0,0,35586,35948,71534,116.8463,-20.7377
2297,karratha,Nov-13,2013,11,314.0,16.0,320.0,11.0,29816,30343,60159,0,0,0,29816,30343,60159,116.8463,-20.7377
2298,karratha,Nov-14,2014,11,251.0,20.0,249.0,22.0,28528,28860,57388,0,0,0,28528,28860,57388,116.8463,-20.7377
2299,karratha,Nov-15,2015,11,259.0,27.0,248.0,41.0,25465,24652,50117,0,0,0,25465,24652,50117,116.8463,-20.7377
2300,karratha,Nov-16,2016,11,252.0,23.0,254.0,24.0,21485,20519,42004,0,0,0,21485,20519,42004,116.8463,-20.7377
2301,karratha,Nov-17,2017,11,218.0,28.0,227.0,24.0,18517,19014,37531,0,0,0,18517,19014,37531,116.8463,-20.7377
2302,karratha,Nov-18,2018,11,217.0,33.0,211.0,43.0,18693,19284,37977,0,0,0,18693,19284,37977,116.8463,-20.7377
2303,karratha,Nov-19,2019,11,212.0,28.0,213.0,29.0,20063,20591,40654,0,0,0,20063,20591,40654,116.8463,-20.7377
2304,karratha,Nov-20,2020,11,151.0,27.0,157.0,24.0,15377,14915,30292,0,0,0,15377,14915,30292,116.8463,-20.7377
2305,karratha,Nov-21,2021,11,156.0,31.0,166.0,25.0,20455,20392,40847,0,0,0,20455,20392,40847,116.8463,-20.7377
2306,karratha,Nov-22,2022,11,117.0,76.0,136.0,57.0,23203,23462,46665,0,0,0,23203,23462,46665,116.8463,-20.7377
2307,karratha,Nov-23,2023,11,166.0,50.0,164.0,53.0,24535,25294,49829,0,0,0,24535,25294,49829,116.8463,-20.7377
2308,karratha,Oct-04,2004,10,110.0,16.0,113.0,16.0,9298,9411,18709,0,0,0,9298,9411,18709,116.8463,-20.7377
2309,karratha,Oct-05,2005,10,108.0,19.0,113.0,24.0,10920,10894,21814,0,0,0,10920,10894,21814,116.8463,-20.7377
2310,karratha,Oct-08,2008,10,135.0,44.0,142.0,37.0,21410,21822,43232,0,0,0,21410,21822,43232,116.8463,-20.7377
2311,karratha,Oct-09,2009,10,233.0,21.0,243.0,11.0,25428,26222,51650,0,0,0,25428,26222,51650,116.8463,-20.7377
2312,karratha,Oct-10,2010,10,233.0,41.0,248.0,29.0,29327,29400,58727,0,0,0,29327,29400,58727,116.8463,-20.7377
2313,karratha,Oct-11,2011,10,236.0,37.0,223.0,51.0,32702,32386,65088,0,0,0,32702,32386,65088,116.8463,-20.7377
2314,karratha,Oct-12,2012,10,263.0,47.0,270.0,41.0,38291,37031,75322,0,0,0,38291,37031,75322,116.8463,-20.7377
2315,karratha,Oct-13,2013,10,316.0,21.0,319.0,18.0,33486,32649,66135,0,0,0,33486,32649,66135,116.8463,-20.7377
2316,karratha,Oct-14,2014,10,284.0,22.0,290.0,17.0,32016,32760,64776,0,0,0,32016,32760,64776,116.8463,-20.7377
2317,karratha,Oct-15,2015,10,274.0,20.0,276.0,21.0,26024,25986,52010,0,0,0,26024,25986,52010,116.8463,-20.7377
2318,karratha,Oct-16,2016,10,242.0,29.0,242.0,30.0,21361,19801,41162,0,0,0,21361,19801,41162,116.8463,-20.7377
2319,karratha,Oct-17,2017,10,225.0,18.0,223.0,25.0,19576,18571,38147,0,0,0,19576,18571,38147,116.8463,-20.7377
2320,karratha,Oct-18,2018,10,226.0,40.0,207.0,60.0,20349,19233,39582,0,0,0,20349,19233,39582,116.8463,-20.7377
2321,karratha,Oct-19,2019,10,223.0,31.0,225.0,30.0,21900,21470,43370,0,0,0,21900,21470,43370,116.8463,-20.7377
2322,karratha,Oct-20,2020,10,168.0,18.0,180.0,8.0,15131,16649,31780,0,0,0,15131,16649,31780,116.8463,-20.7377
2323,karratha,Oct-21,2021,10,155.0,30.0,161.0,22.0,20141,20175,40316,0,0,0,20141,20175,40316,116.8463,-20.7377
2324,karratha,Oct-22,2022,10,128.0,61.0,154.0,35.0,23665,22626,46291,0,0,0,23665,22626,46291,116.8463,-20.7377
2325,karratha,Oct-23,2023,10,149.0,55.0,169.0,35.0,25498,24074,49572,0,0,0,25498,24074,49572,116.8463,-20.7377
2326,karratha,Sep-04,2004,9,0.0,0.0,0.0,0.0,8440,8980,17420,0,0,0,8440,8980,17420,116.8463,-20.7377
2327,karratha,Sep-05,2005,9,115.0,10.0,124.0,8.0,10491,11101,21592,0,0,0,10491,11101,21592,116.8463,-20.7377
2328,karratha,Sep-06,2006,9,104.0,15.0,100.0,7.0,12759,13478,26237,0,0,0,12759,13478,26237,116.8463,-20.7377
2329,karratha,Sep-09,2009,9,225.0,27.0,228.0,24.0,25126,25334,50460,0,0,0,25126,25334,50460,116.8463,-20.7377
2330,karratha,Sep-10,2010,9,236.0,35.0,241.0,30.0,27025,28665,55690,0,0,0,27025,28665,55690,116.8463,-20.7377
2331,karratha,Sep-11,2011,9,240.0,50.0,250.0,41.0,32822,34030,66852,0,0,0,32822,34030,66852,116.8463,-20.7377
2332,karratha,Sep-12,2012,9,235.0,51.0,233.0,55.0,33535,34048,67583,0,0,0,33535,34048,67583,116.8463,-20.7377
2333,karratha,Sep-13,2013,9,276.0,36.0,282.0,30.0,29965,30836,60801,0,0,0,29965,30836,60801,116.8463,-20.7377
2334,karratha,Sep-14,2014,9,273.0,19.0,283.0,10.0,29929,30501,60430,0,0,0,29929,30501,60430,116.8463,-20.7377
2335,karratha,Sep-15,2015,9,279.0,14.0,272.0,22.0,25376,26444,51820,0,0,0,25376,26444,51820,116.8463,-20.7377
2336,karratha,Sep-16,2016,9,258.0,20.0,263.0,22.0,20716,20875,41591,0,0,0,20716,20875,41591,116.8463,-20.7377
2337,karratha,Sep-17,2017,9,224.0,17.0,216.0,28.0,17037,18248,35285,0,0,0,17037,18248,35285,116.8463,-20.7377
2338,karratha,Sep-18,2018,9,205.0,35.0,187.0,56.0,17771,18959,36730,0,0,0,17771,18959,36730,116.8463,-20.7377
2339,karratha,Sep-19,2019,9,205.0,37.0,203.0,39.0,20725,21035,41760,0,0,0,20725,21035,41760,116.8463,-20.7377
2340,karratha,Sep-20,2020,9,151.0,20.0,165.0,7.0,14534,15897,30431,0,0,0,14534,15897,30431,116.8463,-20.7377
2341,karratha,Sep-21,2021,9,153.0,39.0,166.0,22.0,19629,21612,41241,0,0,0,19629,21612,41241,116.8463,-20.7377
2342,karratha,Sep-22,2022,9,93.0,100.0,121.0,70.0,22097,23867,45964,0,0,0,22097,23867,45964,116.8463,-20.7377
2343,karratha,Sep-23,2023,9,131.0,61.0,153.0,38.0,22499,24610,47109,0,0,0,22499,24610,47109,116.8463,-20.7377
2344,launceston,Apr-04,2004,4,184.0,27.0,181.0,30.0,27597,28046,55643,0,0,0,27597,28046,55643,147.1441,-41.4332
2345,launceston,Apr-05,2005,4,291.0,28.0,282.0,37.0,35449,36862,72311,0,0,0,35449,36862,72311,147.1441,-41.4332
2346,launceston,Apr-06,2006,4,270.0,26.0,265.0,32.0,39853,41242,81095,0,0,0,39853,41242,81095,147.1441,-41.4332
2347,launceston,Apr-07,2007,4,303.0,30.0,300.0,33.0,43422,43847,87269,0,0,0,43422,43847,87269,147.1441,-41.4332
2348,launceston,Apr-08,2008,4,277.0,86.0,271.0,92.0,46952,47335,94287,0,0,0,46952,47335,94287,147.1441,-41.4332
2349,launceston,Apr-09,2009,4,275.0,87.0,268.0,94.0,48103,49058,97161,0,0,0,48103,49058,97161,147.1441,-41.4332
2350,launceston,Apr-10,2010,4,302.0,82.0,292.0,91.0,49145,50974,100119,0,0,0,49145,50974,100119,147.1441,-41.4332
2351,launceston,Apr-11,2011,4,203.0,130.0,243.0,107.0,48024,48508,96532,0,0,0,48024,48508,96532,147.1441,-41.4332
2352,launceston,Apr-12,2012,4,261.0,105.0,277.0,89.0,47943,49440,97383,0,0,0,47943,49440,97383,147.1441,-41.4332
2353,launceston,Apr-13,2013,4,338.0,116.0,367.0,87.0,53606,58484,112090,0,0,0,53606,58484,112090,147.1441,-41.4332
2354,launceston,Apr-14,2014,4,349.0,99.0,347.0,97.0,53633,57336,110969,0,0,0,53633,57336,110969,147.1441,-41.4332
2355,launceston,Apr-15,2015,4,318.0,96.0,328.0,88.0,52216,55380,107596,0,0,0,52216,55380,107596,147.1441,-41.4332
2356,launceston,Apr-16,2016,4,338.0,73.0,357.0,53.0,54996,60277,115273,0,0,0,54996,60277,115273,147.1441,-41.4332
2357,launceston,Apr-17,2017,4,281.0,142.0,331.0,90.0,58771,60217,118988,0,0,0,58771,60217,118988,147.1441,-41.4332
2358,launceston,Apr-18,2018,4,310.0,113.0,341.0,80.0,59241,63764,123005,0,0,0,59241,63764,123005,147.1441,-41.4332
2359,launceston,Apr-19,2019,4,361.0,97.0,369.0,89.0,63263,65723,128986,0,0,0,63263,65723,128986,147.1441,-41.4332
2360,launceston,Apr-21,2021,4,311.0,87.0,310.0,90.0,52434,54389,106823,0,0,0,52434,54389,106823,147.1441,-41.4332
2361,launceston,Apr-22,2022,4,198.0,227.0,216.0,209.0,59180,61264,120444,0,0,0,59180,61264,120444,147.1441,-41.4332
2362,launceston,Apr-23,2023,4,284.0,172.0,293.0,167.0,58683,61547,120230,0,0,0,58683,61547,120230,147.1441,-41.4332
2363,launceston,Aug-04,2004,8,198.0,25.0,186.0,39.0,26693,27560,54253,0,0,0,26693,27560,54253,147.1441,-41.4332
2364,launceston,Aug-05,2005,8,292.0,27.0,277.0,42.0,32901,34289,67190,0,0,0,32901,34289,67190,147.1441,-41.4332
2365,launceston,Aug-06,2006,8,282.0,49.0,287.0,46.0,35763,36363,72126,0,0,0,35763,36363,72126,147.1441,-41.4332
2366,launceston,Aug-07,2007,8,293.0,47.0,275.0,66.0,39127,39574,78701,0,0,0,39127,39574,78701,147.1441,-41.4332
2367,launceston,Aug-08,2008,8,317.0,51.0,309.0,60.0,43078,43398,86476,0,0,0,43078,43398,86476,147.1441,-41.4332
2368,launceston,Aug-09,2009,8,313.0,63.0,310.0,64.0,44205,44814,89019,0,0,0,44205,44814,89019,147.1441,-41.4332
2369,launceston,Aug-10,2010,8,297.0,53.0,276.0,74.0,44292,44645,88937,0,0,0,44292,44645,88937,147.1441,-41.4332
2370,launceston,Aug-11,2011,8,277.0,76.0,276.0,78.0,41809,43353,85162,0,0,0,41809,43353,85162,147.1441,-41.4332
2371,launceston,Aug-12,2012,8,308.0,70.0,308.0,67.0,43558,44731,88289,0,0,0,43558,44731,88289,147.1441,-41.4332
2372,launceston,Aug-13,2013,8,329.0,88.0,334.0,83.0,47701,46349,94050,0,0,0,47701,46349,94050,147.1441,-41.4332
2373,launceston,Aug-14,2014,8,339.0,68.0,344.0,61.0,44931,45508,90439,0,0,0,44931,45508,90439,147.1441,-41.4332
2374,launceston,Aug-15,2015,8,344.0,43.0,333.0,55.0,46105,45411,91516,0,0,0,46105,45411,91516,147.1441,-41.4332
2375,launceston,Aug-16,2016,8,315.0,46.0,330.0,33.0,44702,44901,89603,0,0,0,44702,44901,89603,147.1441,-41.4332
2376,launceston,Aug-17,2017,8,283.0,72.0,278.0,78.0,45214,44862,90076,0,0,0,45214,44862,90076,147.1441,-41.4332
2377,launceston,Aug-18,2018,8,279.0,66.0,269.0,77.0,47423,47206,94629,0,0,0,47423,47206,94629,147.1441,-41.4332
2378,launceston,Aug-19,2019,8,279.0,70.0,273.0,76.0,46984,48107,95091,0,0,0,46984,48107,95091,147.1441,-41.4332
2379,launceston,Aug-20,2020,8,22.0,0.0,22.0,0.0,1958,1949,3907,0,0,0,1958,1949,3907,147.1441,-41.4332
2380,launceston,Aug-21,2021,8,67.0,5.0,67.0,7.0,5689,5261,10950,0,0,0,5689,5261,10950,147.1441,-41.4332
2381,launceston,Aug-22,2022,8,170.0,124.0,161.0,135.0,42551,41525,84076,0,0,0,42551,41525,84076,147.1441,-41.4332
2382,launceston,Aug-23,2023,8,255.0,157.0,252.0,160.0,49495,49486,98981,0,0,0,49495,49486,98981,147.1441,-41.4332
2383,launceston,Dec-04,2004,12,257.0,18.0,239.0,35.0,39029,35752,74781,0,0,0,39029,35752,74781,147.1441,-41.4332
2384,launceston,Dec-05,2005,12,320.0,34.0,305.0,48.0,44267,41247,85514,0,0,0,44267,41247,85514,147.1441,-41.4332
2385,launceston,Dec-06,2006,12,313.0,60.0,294.0,83.0,48667,45593,94260,0,0,0,48667,45593,94260,147.1441,-41.4332
2386,launceston,Dec-07,2007,12,258.0,120.0,223.0,154.0,54517,50551,105068,0,0,0,54517,50551,105068,147.1441,-41.4332
2387,launceston,Dec-08,2008,12,294.0,89.0,299.0,85.0,52334,48336,100670,0,0,0,52334,48336,100670,147.1441,-41.4332
2388,launceston,Dec-09,2009,12,316.0,71.0,310.0,78.0,51720,47186,98906,0,0,0,51720,47186,98906,147.1441,-41.4332
2389,launceston,Dec-10,2010,12,325.0,125.0,320.0,131.0,63578,54488,118066,0,0,0,63578,54488,118066,147.1441,-41.4332
2390,launceston,Dec-11,2011,12,314.0,116.0,322.0,107.0,59112,48529,107641,0,0,0,59112,48529,107641,147.1441,-41.4332
2391,launceston,Dec-12,2012,12,367.0,129.0,396.0,101.0,64723,54319,119042,0,0,0,64723,54319,119042,147.1441,-41.4332
2392,launceston,Dec-13,2013,12,393.0,128.0,396.0,123.0,67666,58449,126115,0,0,0,67666,58449,126115,147.1441,-41.4332
2393,launceston,Dec-14,2014,12,373.0,118.0,378.0,114.0,67721,59688,127409,0,0,0,67721,59688,127409,147.1441,-41.4332
2394,launceston,Dec-15,2015,12,395.0,136.0,406.0,127.0,70521,62644,133165,0,0,0,70521,62644,133165,147.1441,-41.4332
2395,launceston,Dec-16,2016,12,362.0,161.0,406.0,120.0,72849,63415,136264,0,0,0,72849,63415,136264,147.1441,-41.4332
2396,launceston,Dec-17,2017,12,382.0,124.0,417.0,91.0,75367,64845,140212,0,0,0,75367,64845,140212,147.1441,-41.4332
2397,launceston,Dec-18,2018,12,373.0,134.0,390.0,119.0,73906,64885,138791,0,0,0,73906,64885,138791,147.1441,-41.4332
2398,launceston,Dec-19,2019,12,350.0,153.0,359.0,144.0,74773,65236,140009,0,0,0,74773,65236,140009,147.1441,-41.4332
2399,launceston,Dec-20,2020,12,227.0,52.0,234.0,45.0,39377,32862,72239,0,0,0,39377,32862,72239,147.1441,-41.4332
2400,launceston,Dec-21,2021,12,184.0,76.0,192.0,70.0,43457,32543,76000,0,0,0,43457,32543,76000,147.1441,-41.4332
2401,launceston,Dec-22,2022,12,315.0,179.0,333.0,165.0,66830,58410,125240,0,0,0,66830,58410,125240,147.1441,-41.4332
2402,launceston,Feb-04,2004,2,211.0,17.0,205.0,23.0,32878,31283,64161,0,0,0,32878,31283,64161,147.1441,-41.4332
2403,launceston,Feb-05,2005,2,256.0,48.0,252.0,51.0,37901,35765,73666,0,0,0,37901,35765,73666,147.1441,-41.4332
2404,launceston,Feb-06,2006,2,286.0,22.0,280.0,28.0,38984,38617,77601,0,0,0,38984,38617,77601,147.1441,-41.4332
2405,launceston,Feb-07,2007,2,278.0,42.0,268.0,52.0,43419,41134,84553,0,0,0,43419,41134,84553,147.1441,-41.4332
2406,launceston,Feb-08,2008,2,233.0,99.0,208.0,126.0,51033,48639,99672,0,0,0,51033,48639,99672,147.1441,-41.4332
2407,launceston,Feb-09,2009,2,271.0,57.0,267.0,61.0,47357,45645,93002,0,0,0,47357,45645,93002,147.1441,-41.4332
2408,launceston,Feb-10,2010,2,281.0,62.0,275.0,68.0,47867,46638,94505,0,0,0,47867,46638,94505,147.1441,-41.4332
2409,launceston,Feb-11,2011,2,254.0,125.0,261.0,118.0,48468,46666,95134,0,0,0,48468,46666,95134,147.1441,-41.4332
2410,launceston,Feb-12,2012,2,263.0,100.0,275.0,90.0,47758,45556,93314,0,0,0,47758,45556,93314,147.1441,-41.4332
2411,launceston,Feb-13,2013,2,304.0,122.0,322.0,105.0,51614,49824,101438,0,0,0,51614,49824,101438,147.1441,-41.4332
2412,launceston,Feb-14,2014,2,363.0,54.0,362.0,54.0,52717,51591,104308,0,0,0,52717,51591,104308,147.1441,-41.4332
2413,launceston,Feb-15,2015,2,323.0,67.0,332.0,60.0,53435,51643,105078,0,0,0,53435,51643,105078,147.1441,-41.4332
2414,launceston,Feb-16,2016,2,359.0,63.0,369.0,54.0,57729,56406,114135,0,0,0,57729,56406,114135,147.1441,-41.4332
2415,launceston,Feb-17,2017,2,316.0,93.0,345.0,65.0,57412,56874,114286,0,0,0,57412,56874,114286,147.1441,-41.4332
2416,launceston,Feb-18,2018,2,325.0,87.0,331.0,81.0,57763,56071,113834,0,0,0,57763,56071,113834,147.1441,-41.4332
2417,launceston,Feb-19,2019,2,308.0,103.0,333.0,79.0,58763,58499,117262,0,0,0,58763,58499,117262,147.1441,-41.4332
2418,launceston,Feb-20,2020,2,320.0,99.0,329.0,89.0,56306,55972,112278,0,0,0,56306,55972,112278,147.1441,-41.4332
2419,launceston,Feb-21,2021,2,180.0,15.0,182.0,13.0,25746,24783,50529,0,0,0,25746,24783,50529,147.1441,-41.4332
2420,launceston,Feb-22,2022,2,174.0,51.0,192.0,36.0,33632,32485,66117,0,0,0,33632,32485,66117,147.1441,-41.4332
2421,launceston,Feb-23,2023,2,251.0,149.0,275.0,128.0,53698,53043,106741,0,0,0,53698,53043,106741,147.1441,-41.4332
2422,launceston,Jan-04,2004,1,216.0,39.0,214.0,41.0,35898,39235,75133,0,0,0,35898,39235,75133,147.1441,-41.4332
2423,launceston,Jan-05,2005,1,334.0,29.0,318.0,47.0,39261,43030,82291,0,0,0,39261,43030,82291,147.1441,-41.4332
2424,launceston,Jan-06,2006,1,314.0,48.0,326.0,37.0,45246,50649,95895,0,0,0,45246,50649,95895,147.1441,-41.4332
2425,launceston,Jan-07,2007,1,327.0,55.0,323.0,59.0,47295,50551,97846,0,0,0,47295,50551,97846,147.1441,-41.4332
2426,launceston,Jan-08,2008,1,285.0,91.0,256.0,121.0,52374,56554,108928,0,0,0,52374,56554,108928,147.1441,-41.4332
2427,launceston,Jan-09,2009,1,311.0,71.0,333.0,50.0,53276,56926,110202,0,0,0,53276,56926,110202,147.1441,-41.4332
2428,launceston,Jan-10,2010,1,312.0,71.0,306.0,77.0,50233,55774,106007,0,0,0,50233,55774,106007,147.1441,-41.4332
2429,launceston,Jan-11,2011,1,335.0,119.0,339.0,112.0,53384,62199,115583,0,0,0,53384,62199,115583,147.1441,-41.4332
2430,launceston,Jan-12,2012,1,307.0,133.0,320.0,122.0,51723,62066,113789,0,0,0,51723,62066,113789,147.1441,-41.4332
2431,launceston,Jan-13,2013,1,392.0,117.0,414.0,94.0,59195,68212,127407,0,0,0,59195,68212,127407,147.1441,-41.4332
2432,launceston,Jan-14,2014,1,449.0,80.0,451.0,76.0,63827,71154,134981,0,0,0,63827,71154,134981,147.1441,-41.4332
2433,launceston,Jan-15,2015,1,437.0,70.0,444.0,61.0,61786,69331,131117,0,0,0,61786,69331,131117,147.1441,-41.4332
2434,launceston,Jan-16,2016,1,415.0,112.0,430.0,98.0,63517,72206,135723,0,0,0,63517,72206,135723,147.1441,-41.4332
2435,launceston,Jan-17,2017,1,410.0,118.0,460.0,69.0,67589,75597,143186,0,0,0,67589,75597,143186,147.1441,-41.4332
2436,launceston,Jan-18,2018,1,437.0,107.0,469.0,73.0,68889,78405,147294,0,0,0,68889,78405,147294,147.1441,-41.4332
2437,launceston,Jan-19,2019,1,446.0,100.0,455.0,89.0,70824,79017,149841,0,0,0,70824,79017,149841,147.1441,-41.4332
2438,launceston,Jan-20,2020,1,327.0,162.0,350.0,138.0,68722,77376,146098,0,0,0,68722,77376,146098,147.1441,-41.4332
2439,launceston,Jan-21,2021,1,247.0,27.0,251.0,23.0,30884,35633,66517,0,0,0,30884,35633,66517,147.1441,-41.4332
2440,launceston,Jan-22,2022,1,276.0,85.0,293.0,69.0,36769,43049,79818,0,0,0,36769,43049,79818,147.1441,-41.4332
2441,launceston,Jan-23,2023,1,371.0,160.0,383.0,150.0,64841,72368,137209,0,0,0,64841,72368,137209,147.1441,-41.4332
2442,launceston,Jul-04,2004,7,182.0,35.0,173.0,45.0,24156,25327,49483,0,0,0,24156,25327,49483,147.1441,-41.4332
2443,launceston,Jul-05,2005,7,307.0,20.0,291.0,36.0,32786,34111,66897,0,0,0,32786,34111,66897,147.1441,-41.4332
2444,launceston,Jul-06,2006,7,244.0,57.0,236.0,65.0,34464,34590,69054,0,0,0,34464,34590,69054,147.1441,-41.4332
2445,launceston,Jul-07,2007,7,261.0,72.0,249.0,84.0,38347,38729,77076,0,0,0,38347,38729,77076,147.1441,-41.4332
2446,launceston,Jul-08,2008,7,297.0,70.0,294.0,76.0,40336,41295,81631,0,0,0,40336,41295,81631,147.1441,-41.4332
2447,launceston,Jul-09,2009,7,295.0,72.0,298.0,70.0,43009,45005,88014,0,0,0,43009,45005,88014,147.1441,-41.4332
2448,launceston,Jul-10,2010,7,311.0,77.0,302.0,86.0,43396,45798,89194,0,0,0,43396,45798,89194,147.1441,-41.4332
2449,launceston,Jul-11,2011,7,253.0,96.0,253.0,95.0,41920,42708,84628,0,0,0,41920,42708,84628,147.1441,-41.4332
2450,launceston,Jul-12,2012,7,298.0,73.0,288.0,83.0,41448,42325,83773,0,0,0,41448,42325,83773,147.1441,-41.4332
2451,launceston,Jul-13,2013,7,299.0,125.0,327.0,97.0,48884,51918,100802,0,0,0,48884,51918,100802,147.1441,-41.4332
2452,launceston,Jul-14,2014,7,335.0,84.0,337.0,83.0,47391,49829,97220,0,0,0,47391,49829,97220,147.1441,-41.4332
2453,launceston,Jul-15,2015,7,307.0,99.0,308.0,100.0,49223,51910,101133,0,0,0,49223,51910,101133,147.1441,-41.4332
2454,launceston,Jul-16,2016,7,295.0,108.0,303.0,100.0,53340,54414,107754,0,0,0,53340,54414,107754,147.1441,-41.4332
2455,launceston,Jul-17,2017,7,284.0,108.0,293.0,99.0,51577,53418,104995,0,0,0,51577,53418,104995,147.1441,-41.4332
2456,launceston,Jul-18,2018,7,285.0,132.0,268.0,148.0,56721,58072,114793,0,0,0,56721,58072,114793,147.1441,-41.4332
2457,launceston,Jul-19,2019,7,255.0,148.0,252.0,155.0,56217,56811,113028,0,0,0,56217,56811,113028,147.1441,-41.4332
2458,launceston,Jul-20,2020,7,6.0,1.0,6.0,1.0,2039,2584,4623,0,0,0,2039,2584,4623,147.1441,-41.4332
2459,launceston,Jul-21,2021,7,171.0,19.0,166.0,22.0,17484,20248,37732,0,0,0,17484,20248,37732,147.1441,-41.4332
2460,launceston,Jul-22,2022,7,173.0,153.0,168.0,156.0,49150,53985,103135,0,0,0,49150,53985,103135,147.1441,-41.4332
2461,launceston,Jul-23,2023,7,266.0,179.0,263.0,182.0,50137,53942,104079,0,0,0,50137,53942,104079,147.1441,-41.4332
2462,launceston,Jun-04,2004,6,181.0,37.0,168.0,51.0,27694,26048,53742,0,0,0,27694,26048,53742,147.1441,-41.4332
2463,launceston,Jun-05,2005,6,260.0,55.0,253.0,61.0,34457,33220,67677,0,0,0,34457,33220,67677,147.1441,-41.4332
2464,launceston,Jun-06,2006,6,238.0,51.0,227.0,63.0,35605,34647,70252,0,0,0,35605,34647,70252,147.1441,-41.4332
2465,launceston,Jun-07,2007,6,278.0,48.0,264.0,62.0,37919,36425,74344,0,0,0,37919,36425,74344,147.1441,-41.4332
2466,launceston,Jun-08,2008,6,244.0,117.0,248.0,114.0,43251,41091,84342,0,0,0,43251,41091,84342,147.1441,-41.4332
2467,launceston,Jun-09,2009,6,252.0,96.0,246.0,104.0,43558,41178,84736,0,0,0,43558,41178,84736,147.1441,-41.4332
2468,launceston,Jun-10,2010,6,292.0,71.0,280.0,85.0,43695,41349,85044,0,0,0,43695,41349,85044,147.1441,-41.4332
2469,launceston,Jun-11,2011,6,191.0,80.0,200.0,72.0,37192,36323,73515,0,0,0,37192,36323,73515,147.1441,-41.4332
2470,launceston,Jun-12,2012,6,307.0,48.0,314.0,43.0,43447,41580,85027,0,0,0,43447,41580,85027,147.1441,-41.4332
2471,launceston,Jun-13,2013,6,303.0,88.0,309.0,80.0,42376,40518,82894,0,0,0,42376,40518,82894,147.1441,-41.4332
2472,launceston,Jun-14,2014,6,344.0,92.0,333.0,100.0,47550,46394,93944,0,0,0,47550,46394,93944,147.1441,-41.4332
2473,launceston,Jun-15,2015,6,334.0,47.0,329.0,53.0,42671,42200,84871,0,0,0,42671,42200,84871,147.1441,-41.4332
2474,launceston,Jun-16,2016,6,280.0,88.0,295.0,75.0,45377,45564,90941,0,0,0,45377,45564,90941,147.1441,-41.4332
2475,launceston,Jun-17,2017,6,311.0,52.0,312.0,50.0,44164,43756,87920,0,0,0,44164,43756,87920,147.1441,-41.4332
2476,launceston,Jun-18,2018,6,246.0,96.0,254.0,89.0,45514,45946,91460,0,0,0,45514,45946,91460,147.1441,-41.4332
2477,launceston,Jun-19,2019,6,280.0,80.0,283.0,79.0,45516,45744,91260,0,0,0,45516,45744,91260,147.1441,-41.4332
2478,launceston,Jun-21,2021,6,131.0,32.0,140.0,25.0,22667,20028,42695,0,0,0,22667,20028,42695,147.1441,-41.4332
2479,launceston,Jun-22,2022,6,194.0,164.0,170.0,189.0,48324,46338,94662,0,0,0,48324,46338,94662,147.1441,-41.4332
2480,launceston,Jun-23,2023,6,262.0,122.0,255.0,131.0,45907,44530,90437,0,0,0,45907,44530,90437,147.1441,-41.4332
2481,launceston,Mar-04,2004,3,216.0,20.0,210.0,27.0,32190,33707,65897,0,0,0,32190,33707,65897,147.1441,-41.4332
2482,launceston,Mar-05,2005,3,300.0,38.0,290.0,48.0,39556,40780,80336,0,0,0,39556,40780,80336,147.1441,-41.4332
2483,launceston,Mar-06,2006,3,315.0,21.0,309.0,30.0,41702,43071,84773,0,0,0,41702,43071,84773,147.1441,-41.4332
2484,launceston,Mar-07,2007,3,300.0,48.0,296.0,53.0,44624,45420,90044,0,0,0,44624,45420,90044,147.1441,-41.4332
2485,launceston,Mar-08,2008,3,264.0,93.0,255.0,102.0,52903,53906,106809,0,0,0,52903,53906,106809,147.1441,-41.4332
2486,launceston,Mar-09,2009,3,302.0,63.0,310.0,56.0,52117,53080,105197,0,0,0,52117,53080,105197,147.1441,-41.4332
2487,launceston,Mar-10,2010,3,303.0,76.0,290.0,89.0,49830,50951,100781,0,0,0,49830,50951,100781,147.1441,-41.4332
2488,launceston,Mar-11,2011,3,295.0,113.0,306.0,103.0,52074,54657,106731,0,0,0,52074,54657,106731,147.1441,-41.4332
2489,launceston,Mar-12,2012,3,278.0,111.0,280.0,108.0,49930,51415,101345,0,0,0,49930,51415,101345,147.1441,-41.4332
2490,launceston,Mar-13,2013,3,375.0,113.0,392.0,93.0,58097,57203,115300,0,0,0,58097,57203,115300,147.1441,-41.4332
2491,launceston,Mar-14,2014,3,368.0,95.0,375.0,86.0,57992,59751,117743,0,0,0,57992,59751,117743,147.1441,-41.4332
2492,launceston,Mar-15,2015,3,374.0,67.0,372.0,69.0,57484,59583,117067,0,0,0,57484,59583,117067,147.1441,-41.4332
2493,launceston,Mar-16,2016,3,347.0,96.0,356.0,88.0,61282,61169,122451,0,0,0,61282,61169,122451,147.1441,-41.4332
2494,launceston,Mar-17,2017,3,319.0,130.0,358.0,93.0,59033,61568,120601,0,0,0,59033,61568,120601,147.1441,-41.4332
2495,launceston,Mar-18,2018,3,371.0,88.0,383.0,77.0,65920,66465,132385,0,0,0,65920,66465,132385,147.1441,-41.4332
2496,launceston,Mar-19,2019,3,356.0,109.0,370.0,96.0,61397,64660,126057,0,0,0,61397,64660,126057,147.1441,-41.4332
2497,launceston,Mar-20,2020,3,258.0,76.0,266.0,67.0,36699,39219,75918,0,0,0,36699,39219,75918,147.1441,-41.4332
2498,launceston,Mar-21,2021,3,274.0,32.0,276.0,32.0,41676,40711,82387,0,0,0,41676,40711,82387,147.1441,-41.4332
2499,launceston,Mar-22,2022,3,192.0,127.0,219.0,101.0,44856,45684,90540,0,0,0,44856,45684,90540,147.1441,-41.4332
2500,launceston,Mar-23,2023,3,271.0,186.0,300.0,153.0,61444,62794,124238,0,0,0,61444,62794,124238,147.1441,-41.4332
2501,launceston,May-04,2004,5,188.0,29.0,176.0,43.0,25153,28285,53438,0,0,0,25153,28285,53438,147.1441,-41.4332
2502,launceston,May-05,2005,5,302.0,18.0,298.0,22.0,31765,35201,66966,0,0,0,31765,35201,66966,147.1441,-41.4332
2503,launceston,May-06,2006,5,271.0,29.0,273.0,27.0,35174,36990,72164,0,0,0,35174,36990,72164,147.1441,-41.4332
2504,launceston,May-07,2007,5,274.0,64.0,276.0,62.0,38895,41160,80055,0,0,0,38895,41160,80055,147.1441,-41.4332
2505,launceston,May-08,2008,5,316.0,59.0,297.0,78.0,42438,44572,87010,0,0,0,42438,44572,87010,147.1441,-41.4332
2506,launceston,May-09,2009,5,288.0,62.0,296.0,53.0,43724,46111,89835,0,0,0,43724,46111,89835,147.1441,-41.4332
2507,launceston,May-10,2010,5,318.0,56.0,302.0,72.0,42635,45994,88629,0,0,0,42635,45994,88629,147.1441,-41.4332
2508,launceston,May-11,2011,5,226.0,97.0,248.0,76.0,41123,44856,85979,0,0,0,41123,44856,85979,147.1441,-41.4332
2509,launceston,May-12,2012,5,296.0,67.0,304.0,61.0,40869,46309,87178,0,0,0,40869,46309,87178,147.1441,-41.4332
2510,launceston,May-13,2013,5,324.0,77.0,335.0,66.0,44115,45232,89347,0,0,0,44115,45232,89347,147.1441,-41.4332
2511,launceston,May-14,2014,5,376.0,55.0,377.0,55.0,47347,48323,95670,0,0,0,47347,48323,95670,147.1441,-41.4332
2512,launceston,May-15,2015,5,350.0,51.0,360.0,41.0,46677,48225,94902,0,0,0,46677,48225,94902,147.1441,-41.4332
2513,launceston,May-16,2016,5,311.0,61.0,323.0,49.0,47415,49237,96652,0,0,0,47415,49237,96652,147.1441,-41.4332
2514,launceston,May-17,2017,5,296.0,75.0,322.0,50.0,46056,48246,94302,0,0,0,46056,48246,94302,147.1441,-41.4332
2515,launceston,May-18,2018,5,292.0,59.0,302.0,49.0,45400,47383,92783,0,0,0,45400,47383,92783,147.1441,-41.4332
2516,launceston,May-19,2019,5,310.0,53.0,313.0,49.0,46938,49185,96123,0,0,0,46938,49185,96123,147.1441,-41.4332
2517,launceston,May-21,2021,5,245.0,58.0,225.0,78.0,37123,39118,76241,0,0,0,37123,39118,76241,147.1441,-41.4332
2518,launceston,May-22,2022,5,151.0,177.0,162.0,169.0,46127,48106,94233,0,0,0,46127,48106,94233,147.1441,-41.4332
2519,launceston,May-23,2023,5,249.0,146.0,280.0,117.0,46254,48868,95122,0,0,0,46254,48868,95122,147.1441,-41.4332
2520,launceston,Nov-04,2004,11,248.0,17.0,225.0,41.0,35726,35886,71612,0,0,0,35726,35886,71612,147.1441,-41.4332
2521,launceston,Nov-05,2005,11,296.0,28.0,282.0,41.0,38437,39986,78423,0,0,0,38437,39986,78423,147.1441,-41.4332
2522,launceston,Nov-06,2006,11,271.0,70.0,262.0,79.0,44222,43736,87958,0,0,0,44222,43736,87958,147.1441,-41.4332
2523,launceston,Nov-07,2007,11,225.0,117.0,202.0,138.0,46963,46338,93301,0,0,0,46963,46338,93301,147.1441,-41.4332
2524,launceston,Nov-08,2008,11,295.0,63.0,291.0,67.0,46935,46991,93926,0,0,0,46935,46991,93926,147.1441,-41.4332
2525,launceston,Nov-09,2009,11,274.0,82.0,264.0,91.0,47334,47558,94892,0,0,0,47334,47558,94892,147.1441,-41.4332
2526,launceston,Nov-10,2010,11,275.0,78.0,274.0,77.0,48816,48567,97383,0,0,0,48816,48567,97383,147.1441,-41.4332
2527,launceston,Nov-11,2011,11,266.0,105.0,275.0,95.0,48217,48249,96466,0,0,0,48217,48249,96466,147.1441,-41.4332
2528,launceston,Nov-12,2012,11,356.0,109.0,373.0,93.0,54220,53079,107299,0,0,0,54220,53079,107299,147.1441,-41.4332
2529,launceston,Nov-13,2013,11,350.0,109.0,344.0,116.0,52468,51856,104324,0,0,0,52468,51856,104324,147.1441,-41.4332
2530,launceston,Nov-14,2014,11,369.0,74.0,372.0,73.0,56824,54527,111351,0,0,0,56824,54527,111351,147.1441,-41.4332
2531,launceston,Nov-15,2015,11,359.0,101.0,374.0,93.0,58767,57575,116342,0,0,0,58767,57575,116342,147.1441,-41.4332
2532,launceston,Nov-16,2016,11,274.0,150.0,326.0,99.0,58326,56791,115117,0,0,0,58326,56791,115117,147.1441,-41.4332
2533,launceston,Nov-17,2017,11,313.0,109.0,344.0,79.0,59175,58036,117211,0,0,0,59175,58036,117211,147.1441,-41.4332
2534,launceston,Nov-18,2018,11,287.0,131.0,288.0,132.0,58989,58231,117220,0,0,0,58989,58231,117220,147.1441,-41.4332
2535,launceston,Nov-19,2019,11,301.0,112.0,304.0,109.0,60389,59006,119395,0,0,0,60389,59006,119395,147.1441,-41.4332
2536,launceston,Nov-20,2020,11,61.0,6.0,63.0,5.0,12199,10832,23031,0,0,0,12199,10832,23031,147.1441,-41.4332
2537,launceston,Nov-21,2021,11,57.0,6.0,57.0,6.0,15215,14125,29340,0,0,0,15215,14125,29340,147.1441,-41.4332
2538,launceston,Nov-22,2022,11,266.0,156.0,260.0,164.0,54272,52480,106752,0,0,0,54272,52480,106752,147.1441,-41.4332
2539,launceston,Nov-23,2023,11,249.0,194.0,237.0,205.0,63106,61336,124442,0,0,0,63106,61336,124442,147.1441,-41.4332
2540,launceston,Oct-04,2004,10,247.0,27.0,226.0,47.0,33721,34859,68580,0,0,0,33721,34859,68580,147.1441,-41.4332
2541,launceston,Oct-05,2005,10,312.0,18.0,297.0,31.0,35726,35958,71684,0,0,0,35726,35958,71684,147.1441,-41.4332
2542,launceston,Oct-06,2006,10,297.0,37.0,298.0,36.0,39848,40137,79985,0,0,0,39848,40137,79985,147.1441,-41.4332
2543,launceston,Oct-07,2007,10,266.0,75.0,256.0,86.0,43924,43584,87508,0,0,0,43924,43584,87508,147.1441,-41.4332
2544,launceston,Oct-08,2008,10,307.0,61.0,299.0,69.0,47255,47441,94696,0,0,0,47255,47441,94696,147.1441,-41.4332
2545,launceston,Oct-09,2009,10,294.0,73.0,281.0,84.0,47088,47112,94200,0,0,0,47088,47112,94200,147.1441,-41.4332
2546,launceston,Oct-10,2010,10,294.0,74.0,287.0,82.0,48334,49055,97389,0,0,0,48334,49055,97389,147.1441,-41.4332
2547,launceston,Oct-11,2011,10,273.0,93.0,265.0,101.0,45806,45459,91265,0,0,0,45806,45459,91265,147.1441,-41.4332
2548,launceston,Oct-12,2012,10,313.0,76.0,326.0,63.0,48500,50236,98736,0,0,0,48500,50236,98736,147.1441,-41.4332
2549,launceston,Oct-13,2013,10,297.0,159.0,313.0,146.0,56585,53950,110535,0,0,0,56585,53950,110535,147.1441,-41.4332
2550,launceston,Oct-14,2014,10,352.0,89.0,364.0,78.0,55493,54135,109628,0,0,0,55493,54135,109628,147.1441,-41.4332
2551,launceston,Oct-15,2015,10,336.0,85.0,339.0,83.0,56542,53452,109994,0,0,0,56542,53452,109994,147.1441,-41.4332
2552,launceston,Oct-16,2016,10,265.0,120.0,281.0,105.0,55946,52152,108098,0,0,0,55946,52152,108098,147.1441,-41.4332
2553,launceston,Oct-17,2017,10,326.0,71.0,323.0,73.0,55395,55407,110802,0,0,0,55395,55407,110802,147.1441,-41.4332
2554,launceston,Oct-18,2018,10,318.0,90.0,320.0,87.0,57836,57111,114947,0,0,0,57836,57111,114947,147.1441,-41.4332
2555,launceston,Oct-19,2019,10,317.0,97.0,320.0,95.0,58756,57738,116494,0,0,0,58756,57738,116494,147.1441,-41.4332
2556,launceston,Oct-20,2020,10,22.0,2.0,22.0,2.0,3012,3295,6307,0,0,0,3012,3295,6307,147.1441,-41.4332
2557,launceston,Oct-21,2021,10,63.0,4.0,65.0,2.0,11763,12018,23781,0,0,0,11763,12018,23781,147.1441,-41.4332
2558,launceston,Oct-22,2022,10,230.0,163.0,241.0,155.0,54641,53629,108270,0,0,0,54641,53629,108270,147.1441,-41.4332
2559,launceston,Oct-23,2023,10,282.0,167.0,286.0,166.0,60348,58947,119295,0,0,0,60348,58947,119295,147.1441,-41.4332
2560,launceston,Sep-04,2004,9,220.0,39.0,210.0,48.0,33313,30426,63739,0,0,0,33313,30426,63739,147.1441,-41.4332
2561,launceston,Sep-05,2005,9,284.0,35.0,269.0,50.0,38323,35826,74149,0,0,0,38323,35826,74149,147.1441,-41.4332
2562,launceston,Sep-06,2006,9,266.0,59.0,268.0,57.0,39935,38235,78170,0,0,0,39935,38235,78170,147.1441,-41.4332
2563,launceston,Sep-07,2007,9,276.0,55.0,264.0,67.0,42901,40772,83673,0,0,0,42901,40772,83673,147.1441,-41.4332
2564,launceston,Sep-08,2008,9,304.0,57.0,290.0,72.0,46233,42807,89040,0,0,0,46233,42807,89040,147.1441,-41.4332
2565,launceston,Sep-09,2009,9,293.0,71.0,276.0,90.0,47148,44062,91210,0,0,0,47148,44062,91210,147.1441,-41.4332
2566,launceston,Sep-10,2010,9,280.0,70.0,272.0,78.0,48145,43768,91913,0,0,0,48145,43768,91913,147.1441,-41.4332
2567,launceston,Sep-11,2011,9,268.0,81.0,275.0,74.0,46117,40861,86978,0,0,0,46117,40861,86978,147.1441,-41.4332
2568,launceston,Sep-12,2012,9,271.0,109.0,287.0,92.0,51735,45363,97098,0,0,0,51735,45363,97098,147.1441,-41.4332
2569,launceston,Sep-13,2013,9,332.0,92.0,343.0,79.0,46688,46155,92843,0,0,0,46688,46155,92843,147.1441,-41.4332
2570,launceston,Sep-14,2014,9,354.0,59.0,357.0,56.0,48691,46829,95520,0,0,0,48691,46829,95520,147.1441,-41.4332
2571,launceston,Sep-15,2015,9,348.0,41.0,339.0,50.0,47215,46412,93627,0,0,0,47215,46412,93627,147.1441,-41.4332
2572,launceston,Sep-16,2016,9,302.0,81.0,315.0,70.0,50064,48950,99014,0,0,0,50064,48950,99014,147.1441,-41.4332
2573,launceston,Sep-17,2017,9,285.0,91.0,301.0,76.0,50483,48160,98643,0,0,0,50483,48160,98643,147.1441,-41.4332
2574,launceston,Sep-18,2018,9,293.0,73.0,293.0,73.0,51454,49146,100600,0,0,0,51454,49146,100600,147.1441,-41.4332
2575,launceston,Sep-19,2019,9,297.0,76.0,293.0,83.0,52095,49663,101758,0,0,0,52095,49663,101758,147.1441,-41.4332
2576,launceston,Sep-20,2020,9,20.0,1.0,20.0,1.0,2189,2270,4459,0,0,0,2189,2270,4459,147.1441,-41.4332
2577,launceston,Sep-21,2021,9,59.0,3.0,57.0,5.0,9837,9622,19459,0,0,0,9837,9622,19459,147.1441,-41.4332
2578,launceston,Sep-22,2022,9,233.0,110.0,233.0,111.0,47310,45217,92527,0,0,0,47310,45217,92527,147.1441,-41.4332
2579,launceston,Sep-23,2023,9,260.0,169.0,276.0,156.0,51583,49988,101571,0,0,0,51583,49988,101571,147.1441,-41.4332
2580,mackay,Apr-04,2004,4,155.0,9.0,156.0,8.0,18509,18513,37022,0,0,0,18509,18513,37022,149.1856,-21.1412
2581,mackay,Apr-05,2005,4,181.0,20.0,182.0,18.0,25581,25740,51321,0,0,0,25581,25740,51321,149.1856,-21.1412
2582,mackay,Apr-06,2006,4,199.0,33.0,203.0,29.0,27597,27389,54986,0,0,0,27597,27389,54986,149.1856,-21.1412
2583,mackay,Apr-07,2007,4,225.0,13.0,224.0,15.0,31153,30848,62001,0,0,0,31153,30848,62001,149.1856,-21.1412
2584,mackay,Apr-08,2008,4,176.0,56.0,175.0,57.0,36262,36402,72664,0,0,0,36262,36402,72664,149.1856,-21.1412
2585,mackay,Apr-09,2009,4,217.0,60.0,216.0,61.0,38347,38448,76795,0,0,0,38347,38448,76795,149.1856,-21.1412
2586,mackay,Apr-10,2010,4,295.0,32.0,287.0,42.0,36857,36634,73491,0,0,0,36857,36634,73491,149.1856,-21.1412
2587,mackay,Apr-11,2011,4,262.0,70.0,246.0,85.0,41760,42414,84174,0,0,0,41760,42414,84174,149.1856,-21.1412
2588,mackay,Apr-12,2012,4,306.0,60.0,305.0,62.0,46513,45629,92142,0,0,0,46513,45629,92142,149.1856,-21.1412
2589,mackay,Apr-13,2013,4,281.0,90.0,296.0,76.0,48044,46532,94576,0,0,0,48044,46532,94576,149.1856,-21.1412
2590,mackay,Apr-14,2014,4,262.0,44.0,273.0,35.0,41485,41149,82634,0,0,0,41485,41149,82634,149.1856,-21.1412
2591,mackay,Apr-15,2015,4,280.0,39.0,285.0,34.0,38188,38030,76218,0,0,0,38188,38030,76218,149.1856,-21.1412
2592,mackay,Apr-16,2016,4,273.0,25.0,285.0,11.0,32759,32306,65065,0,0,0,32759,32306,65065,149.1856,-21.1412
2593,mackay,Apr-17,2017,4,235.0,47.0,253.0,28.0,32546,32692,65238,0,0,0,32546,32692,65238,149.1856,-21.1412
2594,mackay,Apr-18,2018,4,237.0,38.0,242.0,37.0,31371,30937,62308,0,0,0,31371,30937,62308,149.1856,-21.1412
2595,mackay,Apr-19,2019,4,256.0,41.0,253.0,50.0,33365,32740,66105,0,0,0,33365,32740,66105,149.1856,-21.1412
2596,mackay,Apr-20,2020,4,69.0,2.0,64.0,2.0,3428,3753,7181,0,0,0,3428,3753,7181,149.1856,-21.1412
2597,mackay,Apr-21,2021,4,198.0,28.0,192.0,29.0,29392,29525,58917,0,0,0,29392,29525,58917,149.1856,-21.1412
2598,mackay,Apr-22,2022,4,180.0,71.0,199.0,49.0,35758,36248,72006,0,0,0,35758,36248,72006,149.1856,-21.1412
2599,mackay,Apr-23,2023,4,173.0,97.0,168.0,99.0,35628,35865,71493,0,0,0,35628,35865,71493,149.1856,-21.1412
2600,mackay,Aug-04,2004,8,170.0,16.0,173.0,13.0,24521,24675,49196,0,0,0,24521,24675,49196,149.1856,-21.1412
2601,mackay,Aug-05,2005,8,193.0,19.0,194.0,18.0,26141,26407,52548,0,0,0,26141,26407,52548,149.1856,-21.1412
2602,mackay,Aug-06,2006,8,217.0,26.0,222.0,22.0,29893,30576,60469,0,0,0,29893,30576,60469,149.1856,-21.1412
2603,mackay,Aug-07,2007,8,218.0,30.0,199.0,49.0,33540,33967,67507,0,0,0,33540,33967,67507,149.1856,-21.1412
2604,mackay,Aug-08,2008,8,254.0,45.0,239.0,61.0,39977,40067,80044,0,0,0,39977,40067,80044,149.1856,-21.1412
2605,mackay,Aug-09,2009,8,272.0,24.0,244.0,50.0,38246,37882,76128,0,0,0,38246,37882,76128,149.1856,-21.1412
2606,mackay,Aug-10,2010,8,262.0,66.0,264.0,67.0,41931,42150,84081,0,0,0,41931,42150,84081,149.1856,-21.1412
2607,mackay,Aug-11,2011,8,322.0,58.0,328.0,53.0,47594,47296,94890,0,0,0,47594,47296,94890,149.1856,-21.1412
2608,mackay,Aug-12,2012,8,305.0,85.0,307.0,86.0,47780,48839,96619,0,0,0,47780,48839,96619,149.1856,-21.1412
2609,mackay,Aug-13,2013,8,328.0,52.0,341.0,40.0,46550,47782,94332,0,0,0,46550,47782,94332,149.1856,-21.1412
2610,mackay,Aug-14,2014,8,250.0,70.0,268.0,54.0,40144,40707,80851,0,0,0,40144,40707,80851,149.1856,-21.1412
2611,mackay,Aug-15,2015,8,295.0,24.0,299.0,19.0,37652,37306,74958,0,0,0,37652,37306,74958,149.1856,-21.1412
2612,mackay,Aug-16,2016,8,268.0,42.0,275.0,34.0,32588,32852,65440,0,0,0,32588,32852,65440,149.1856,-21.1412
2613,mackay,Aug-17,2017,8,257.0,40.0,265.0,32.0,32287,33030,65317,0,0,0,32287,33030,65317,149.1856,-21.1412
2614,mackay,Aug-18,2018,8,269.0,28.0,273.0,29.0,37238,38024,75262,0,0,0,37238,38024,75262,149.1856,-21.1412
2615,mackay,Aug-19,2019,8,276.0,45.0,281.0,43.0,37074,37973,75047,0,0,0,37074,37973,75047,149.1856,-21.1412
2616,mackay,Aug-20,2020,8,148.0,16.0,144.0,18.0,15570,15854,31424,0,0,0,15570,15854,31424,149.1856,-21.1412
2617,mackay,Aug-21,2021,8,130.0,5.0,127.0,4.0,18309,18095,36404,0,0,0,18309,18095,36404,149.1856,-21.1412
2618,mackay,Aug-22,2022,8,180.0,84.0,180.0,81.0,38115,38071,76186,0,0,0,38115,38071,76186,149.1856,-21.1412
2619,mackay,Aug-23,2023,8,205.0,84.0,212.0,73.0,39478,40206,79684,0,0,0,39478,40206,79684,149.1856,-21.1412
2620,mackay,Dec-04,2004,12,194.0,21.0,194.0,20.0,23843,23927,47770,0,0,0,23843,23927,47770,149.1856,-21.1412
2621,mackay,Dec-05,2005,12,191.0,18.0,190.0,18.0,27413,27760,55173,0,0,0,27413,27760,55173,149.1856,-21.1412
2622,mackay,Dec-06,2006,12,227.0,12.0,220.0,17.0,30439,31464,61903,0,0,0,30439,31464,61903,149.1856,-21.1412
2623,mackay,Dec-07,2007,12,226.0,41.0,219.0,46.0,35243,36057,71300,0,0,0,35243,36057,71300,149.1856,-21.1412
2624,mackay,Dec-08,2008,12,243.0,52.0,240.0,54.0,41246,42237,83483,0,0,0,41246,42237,83483,149.1856,-21.1412
2625,mackay,Dec-09,2009,12,284.0,33.0,278.0,38.0,38160,39841,78001,0,0,0,38160,39841,78001,149.1856,-21.1412
2626,mackay,Dec-10,2010,12,239.0,112.0,232.0,118.0,44289,47223,91512,0,0,0,44289,47223,91512,149.1856,-21.1412
2627,mackay,Dec-11,2011,12,241.0,121.0,253.0,109.0,43936,48241,92177,0,0,0,43936,48241,92177,149.1856,-21.1412
2628,mackay,Dec-12,2012,12,285.0,81.0,304.0,62.0,44976,48172,93148,0,0,0,44976,48172,93148,149.1856,-21.1412
2629,mackay,Dec-13,2013,12,285.0,66.0,293.0,59.0,45230,47384,92614,0,0,0,45230,47384,92614,149.1856,-21.1412
2630,mackay,Dec-14,2014,12,267.0,51.0,262.0,55.0,39817,41898,81715,0,0,0,39817,41898,81715,149.1856,-21.1412
2631,mackay,Dec-15,2015,12,242.0,54.0,263.0,34.0,33735,35613,69348,0,0,0,33735,35613,69348,149.1856,-21.1412
2632,mackay,Dec-16,2016,12,231.0,58.0,236.0,51.0,31024,32448,63472,0,0,0,31024,32448,63472,149.1856,-21.1412
2633,mackay,Dec-17,2017,12,241.0,31.0,227.0,40.0,31907,33663,65570,0,0,0,31907,33663,65570,149.1856,-21.1412
2634,mackay,Dec-18,2018,12,231.0,54.0,220.0,67.0,32543,34591,67134,0,0,0,32543,34591,67134,149.1856,-21.1412
2635,mackay,Dec-19,2019,12,222.0,76.0,226.0,78.0,35168,37092,72260,0,0,0,35168,37092,72260,149.1856,-21.1412
2636,mackay,Dec-20,2020,12,180.0,38.0,178.0,43.0,26244,27338,53582,0,0,0,26244,27338,53582,149.1856,-21.1412
2637,mackay,Dec-21,2021,12,200.0,49.0,206.0,39.0,29251,30472,59723,0,0,0,29251,30472,59723,149.1856,-21.1412
2638,mackay,Dec-22,2022,12,174.0,116.0,171.0,114.0,34580,36537,71117,0,0,0,34580,36537,71117,149.1856,-21.1412
2639,mackay,Feb-04,2004,2,149.0,8.0,146.0,11.0,15549,15497,31046,0,0,0,15549,15497,31046,149.1856,-21.1412
2640,mackay,Feb-05,2005,2,174.0,11.0,171.0,14.0,20680,21049,41729,0,0,0,20680,21049,41729,149.1856,-21.1412
2641,mackay,Feb-06,2006,2,170.0,14.0,176.0,8.0,24347,24092,48439,0,0,0,24347,24092,48439,149.1856,-21.1412
2642,mackay,Feb-07,2007,2,208.0,11.0,198.0,23.0,26011,26498,52509,0,0,0,26011,26498,52509,149.1856,-21.1412
2643,mackay,Feb-08,2008,2,171.0,50.0,146.0,77.0,30644,30994,61638,0,0,0,30644,30994,61638,149.1856,-21.1412
2644,mackay,Feb-09,2009,2,211.0,48.0,209.0,50.0,34093,33861,67954,0,0,0,34093,33861,67954,149.1856,-21.1412
2645,mackay,Feb-10,2010,2,230.0,28.0,223.0,35.0,33503,34298,67801,0,0,0,33503,34298,67801,149.1856,-21.1412
2646,mackay,Feb-11,2011,2,246.0,58.0,236.0,68.0,35124,35588,70712,0,0,0,35124,35588,70712,149.1856,-21.1412
2647,mackay,Feb-12,2012,2,277.0,65.0,285.0,57.0,42412,43314,85726,0,0,0,42412,43314,85726,149.1856,-21.1412
2648,mackay,Feb-13,2013,2,233.0,101.0,235.0,101.0,39587,40893,80480,0,0,0,39587,40893,80480,149.1856,-21.1412
2649,mackay,Feb-14,2014,2,251.0,40.0,266.0,26.0,35301,35937,71238,0,0,0,35301,35937,71238,149.1856,-21.1412
2650,mackay,Feb-15,2015,2,252.0,30.0,256.0,28.0,30254,31593,61847,0,0,0,30254,31593,61847,149.1856,-21.1412
2651,mackay,Feb-16,2016,2,257.0,29.0,262.0,25.0,28048,28251,56299,0,0,0,28048,28251,56299,149.1856,-21.1412
2652,mackay,Feb-17,2017,2,238.0,27.0,242.0,24.0,26775,27417,54192,0,0,0,26775,27417,54192,149.1856,-21.1412
2653,mackay,Feb-18,2018,2,212.0,37.0,206.0,39.0,28109,28290,56399,0,0,0,28109,28290,56399,149.1856,-21.1412
2654,mackay,Feb-19,2019,2,221.0,42.0,224.0,44.0,29585,29908,59493,0,0,0,29585,29908,59493,149.1856,-21.1412
2655,mackay,Feb-20,2020,2,217.0,72.0,211.0,81.0,31457,32056,63513,0,0,0,31457,32056,63513,149.1856,-21.1412
2656,mackay,Feb-21,2021,2,185.0,6.0,181.0,11.0,22827,22922,45749,0,0,0,22827,22922,45749,149.1856,-21.1412
2657,mackay,Feb-22,2022,2,129.0,40.0,119.0,47.0,21200,21624,42824,0,0,0,21200,21624,42824,149.1856,-21.1412
2658,mackay,Feb-23,2023,2,180.0,84.0,172.0,90.0,32305,32930,65235,0,0,0,32305,32930,65235,149.1856,-21.1412
2659,mackay,Jan-04,2004,1,161.0,13.0,154.0,20.0,17748,17951,35699,0,0,0,17748,17951,35699,149.1856,-21.1412
2660,mackay,Jan-05,2005,1,196.0,13.0,190.0,18.0,23259,23525,46784,0,0,0,23259,23525,46784,149.1856,-21.1412
2661,mackay,Jan-06,2006,1,185.0,23.0,194.0,15.0,26912,26321,53233,0,0,0,26912,26321,53233,149.1856,-21.1412
2662,mackay,Jan-07,2007,1,225.0,16.0,224.0,18.0,29568,29315,58883,0,0,0,29568,29315,58883,149.1856,-21.1412
2663,mackay,Jan-08,2008,1,219.0,49.0,203.0,68.0,35252,34864,70116,0,0,0,35252,34864,70116,149.1856,-21.1412
2664,mackay,Jan-09,2009,1,253.0,39.0,251.0,41.0,39935,39772,79707,0,0,0,39935,39772,79707,149.1856,-21.1412
2665,mackay,Jan-10,2010,1,277.0,30.0,284.0,23.0,36743,36508,73251,0,0,0,36743,36508,73251,149.1856,-21.1412
2666,mackay,Jan-11,2011,1,246.0,94.0,252.0,97.0,47185,44254,91439,0,0,0,47185,44254,91439,149.1856,-21.1412
2667,mackay,Jan-12,2012,1,283.0,76.0,275.0,86.0,45112,41376,86488,0,0,0,45112,41376,86488,149.1856,-21.1412
2668,mackay,Jan-13,2013,1,272.0,103.0,297.0,80.0,46854,43565,90419,0,0,0,46854,43565,90419,149.1856,-21.1412
2669,mackay,Jan-14,2014,1,264.0,49.0,272.0,41.0,41690,39182,80872,0,0,0,41690,39182,80872,149.1856,-21.1412
2670,mackay,Jan-15,2015,1,259.0,47.0,273.0,35.0,36231,34321,70552,0,0,0,36231,34321,70552,149.1856,-21.1412
2671,mackay,Jan-16,2016,1,239.0,55.0,252.0,42.0,30454,28859,59313,0,0,0,30454,28859,59313,149.1856,-21.1412
2672,mackay,Jan-17,2017,1,229.0,52.0,240.0,42.0,28407,27492,55899,0,0,0,28407,27492,55899,149.1856,-21.1412
2673,mackay,Jan-18,2018,1,250.0,23.0,238.0,32.0,31550,29835,61385,0,0,0,31550,29835,61385,149.1856,-21.1412
2674,mackay,Jan-19,2019,1,277.0,14.0,278.0,22.0,31850,30538,62388,0,0,0,31850,30538,62388,149.1856,-21.1412
2675,mackay,Jan-20,2020,1,241.0,50.0,237.0,60.0,34227,32672,66899,0,0,0,34227,32672,66899,149.1856,-21.1412
2676,mackay,Jan-21,2021,1,194.0,12.0,191.0,17.0,20817,20329,41146,0,0,0,20817,20329,41146,149.1856,-21.1412
2677,mackay,Jan-22,2022,1,172.0,31.0,178.0,24.0,21505,20304,41809,0,0,0,21505,20304,41809,149.1856,-21.1412
2678,mackay,Jan-23,2023,1,201.0,82.0,193.0,85.0,33415,31430,64845,0,0,0,33415,31430,64845,149.1856,-21.1412
2679,mackay,Jul-04,2004,7,170.0,17.0,176.0,10.0,22805,23042,45847,0,0,0,22805,23042,45847,149.1856,-21.1412
2680,mackay,Jul-05,2005,7,170.0,45.0,177.0,38.0,27652,27732,55384,0,0,0,27652,27732,55384,149.1856,-21.1412
2681,mackay,Jul-06,2006,7,205.0,38.0,198.0,46.0,31900,31735,63635,0,0,0,31900,31735,63635,149.1856,-21.1412
2682,mackay,Jul-07,2007,7,219.0,29.0,213.0,35.0,33957,33320,67277,0,0,0,33957,33320,67277,149.1856,-21.1412
2683,mackay,Jul-08,2008,7,221.0,85.0,195.0,108.0,39450,39701,79151,0,0,0,39450,39701,79151,149.1856,-21.1412
2684,mackay,Jul-09,2009,7,262.0,50.0,264.0,48.0,40206,40448,80654,0,0,0,40206,40448,80654,149.1856,-21.1412
2685,mackay,Jul-10,2010,7,299.0,76.0,281.0,96.0,43626,43804,87430,0,0,0,43626,43804,87430,149.1856,-21.1412
2686,mackay,Jul-11,2011,7,322.0,57.0,308.0,70.0,46913,46668,93581,0,0,0,46913,46668,93581,149.1856,-21.1412
2687,mackay,Jul-12,2012,7,267.0,107.0,264.0,113.0,49974,48864,98838,0,0,0,49974,48864,98838,149.1856,-21.1412
2688,mackay,Jul-13,2013,7,263.0,121.0,315.0,71.0,49174,49064,98238,0,0,0,49174,49064,98238,149.1856,-21.1412
2689,mackay,Jul-14,2014,7,274.0,45.0,286.0,33.0,44033,44582,88615,0,0,0,44033,44582,88615,149.1856,-21.1412
2690,mackay,Jul-15,2015,7,266.0,56.0,285.0,41.0,39916,40450,80366,0,0,0,39916,40450,80366,149.1856,-21.1412
2691,mackay,Jul-16,2016,7,225.0,75.0,242.0,57.0,33613,33546,67159,0,0,0,33613,33546,67159,149.1856,-21.1412
2692,mackay,Jul-17,2017,7,222.0,62.0,236.0,49.0,33542,33361,66903,0,0,0,33542,33361,66903,149.1856,-21.1412
2693,mackay,Jul-18,2018,7,262.0,49.0,264.0,52.0,38841,38656,77497,0,0,0,38841,38656,77497,149.1856,-21.1412
2694,mackay,Jul-19,2019,7,266.0,58.0,270.0,62.0,37760,37019,74779,0,0,0,37760,37019,74779,149.1856,-21.1412
2695,mackay,Jul-20,2020,7,113.0,11.0,108.0,11.0,15694,16265,31959,0,0,0,15694,16265,31959,149.1856,-21.1412
2696,mackay,Jul-21,2021,7,212.0,23.0,211.0,18.0,26205,26675,52880,0,0,0,26205,26675,52880,149.1856,-21.1412
2697,mackay,Jul-22,2022,7,133.0,117.0,138.0,110.0,38743,39542,78285,0,0,0,38743,39542,78285,149.1856,-21.1412
2698,mackay,Jul-23,2023,7,170.0,108.0,182.0,92.0,39853,39438,79291,0,0,0,39853,39438,79291,149.1856,-21.1412
2699,mackay,Jun-04,2004,6,151.0,32.0,169.0,11.0,22418,22216,44634,0,0,0,22418,22216,44634,149.1856,-21.1412
2700,mackay,Jun-05,2005,6,145.0,61.0,153.0,52.0,27233,26511,53744,0,0,0,27233,26511,53744,149.1856,-21.1412
2701,mackay,Jun-06,2006,6,190.0,44.0,176.0,57.0,29436,29969,59405,0,0,0,29436,29969,59405,149.1856,-21.1412
2702,mackay,Jun-07,2007,6,170.0,69.0,118.0,92.0,32537,32797,65334,0,0,0,32537,32797,65334,149.1856,-21.1412
2703,mackay,Jun-08,2008,6,191.0,75.0,190.0,76.0,36714,36447,73161,0,0,0,36714,36447,73161,149.1856,-21.1412
2704,mackay,Jun-09,2009,6,232.0,63.0,230.0,65.0,38043,37284,75327,0,0,0,38043,37284,75327,149.1856,-21.1412
2705,mackay,Jun-10,2010,6,279.0,57.0,258.0,78.0,40689,40733,81422,0,0,0,40689,40733,81422,149.1856,-21.1412
2706,mackay,Jun-11,2011,6,281.0,53.0,274.0,59.0,43839,44325,88164,0,0,0,43839,44325,88164,149.1856,-21.1412
2707,mackay,Jun-12,2012,6,295.0,72.0,293.0,73.0,48241,48828,97069,0,0,0,48241,48828,97069,149.1856,-21.1412
2708,mackay,Jun-13,2013,6,239.0,116.0,266.0,88.0,47536,46864,94400,0,0,0,47536,46864,94400,149.1856,-21.1412
2709,mackay,Jun-14,2014,6,250.0,50.0,261.0,40.0,38830,38088,76918,0,0,0,38830,38088,76918,149.1856,-21.1412
2710,mackay,Jun-15,2015,6,266.0,39.0,272.0,36.0,36464,36164,72628,0,0,0,36464,36164,72628,149.1856,-21.1412
2711,mackay,Jun-16,2016,6,249.0,47.0,250.0,47.0,31980,32428,64408,0,0,0,31980,32428,64408,149.1856,-21.1412
2712,mackay,Jun-17,2017,6,232.0,50.0,243.0,39.0,32053,32188,64241,0,0,0,32053,32188,64241,149.1856,-21.1412
2713,mackay,Jun-18,2018,6,230.0,46.0,235.0,44.0,32254,32073,64327,0,0,0,32254,32073,64327,149.1856,-21.1412
2714,mackay,Jun-19,2019,6,260.0,39.0,260.0,44.0,34032,33917,67949,0,0,0,34032,33917,67949,149.1856,-21.1412
2715,mackay,Jun-20,2020,6,57.0,15.0,67.0,4.0,8504,8404,16908,0,0,0,8504,8404,16908,149.1856,-21.1412
2716,mackay,Jun-21,2021,6,197.0,36.0,184.0,47.0,31806,31349,63155,0,0,0,31806,31349,63155,149.1856,-21.1412
2717,mackay,Jun-22,2022,6,171.0,95.0,183.0,80.0,38676,38928,77604,0,0,0,38676,38928,77604,149.1856,-21.1412
2718,mackay,Jun-23,2023,6,174.0,95.0,184.0,81.0,37983,39085,77068,0,0,0,37983,39085,77068,149.1856,-21.1412
2719,mackay,Mar-04,2004,3,159.0,7.0,157.0,8.0,18221,17818,36039,0,0,0,18221,17818,36039,149.1856,-21.1412
2720,mackay,Mar-05,2005,3,195.0,10.0,191.0,14.0,25735,25651,51386,0,0,0,25735,25651,51386,149.1856,-21.1412
2721,mackay,Mar-06,2006,3,147.0,27.0,148.0,26.0,27314,27842,55156,0,0,0,27314,27842,55156,149.1856,-21.1412
2722,mackay,Mar-07,2007,3,236.0,8.0,223.0,21.0,29503,29601,59104,0,0,0,29503,29601,59104,149.1856,-21.1412
2723,mackay,Mar-08,2008,3,181.0,36.0,178.0,40.0,36729,36182,72911,0,0,0,36729,36182,72911,149.1856,-21.1412
2724,mackay,Mar-09,2009,3,229.0,44.0,240.0,35.0,38335,37378,75713,0,0,0,38335,37378,75713,149.1856,-21.1412
2725,mackay,Mar-10,2010,3,256.0,32.0,256.0,33.0,36041,35330,71371,0,0,0,36041,35330,71371,149.1856,-21.1412
2726,mackay,Mar-11,2011,3,267.0,71.0,256.0,84.0,43224,42622,85846,0,0,0,43224,42622,85846,149.1856,-21.1412
2727,mackay,Mar-12,2012,3,264.0,110.0,280.0,95.0,46348,47723,94071,0,0,0,46348,47723,94071,149.1856,-21.1412
2728,mackay,Mar-13,2013,3,294.0,68.0,287.0,79.0,45497,46520,92017,0,0,0,45497,46520,92017,149.1856,-21.1412
2729,mackay,Mar-14,2014,3,271.0,67.0,269.0,70.0,41032,40076,81108,0,0,0,41032,40076,81108,149.1856,-21.1412
2730,mackay,Mar-15,2015,3,307.0,21.0,310.0,20.0,38476,36956,75432,0,0,0,38476,36956,75432,149.1856,-21.1412
2731,mackay,Mar-16,2016,3,260.0,38.0,267.0,33.0,33248,33232,66480,0,0,0,33248,33232,66480,149.1856,-21.1412
2732,mackay,Mar-17,2017,3,190.0,65.0,196.0,62.0,27660,28612,56272,0,0,0,27660,28612,56272,149.1856,-21.1412
2733,mackay,Mar-18,2018,3,253.0,31.0,254.0,26.0,33788,34250,68038,0,0,0,33788,34250,68038,149.1856,-21.1412
2734,mackay,Mar-19,2019,3,236.0,50.0,231.0,58.0,33188,33773,66961,0,0,0,33188,33773,66961,149.1856,-21.1412
2735,mackay,Mar-20,2020,3,221.0,38.0,233.0,32.0,26375,24390,50765,0,0,0,26375,24390,50765,149.1856,-21.1412
2736,mackay,Mar-21,2021,3,215.0,25.0,204.0,37.0,28950,28178,57128,0,0,0,28950,28178,57128,149.1856,-21.1412
2737,mackay,Mar-22,2022,3,196.0,48.0,182.0,61.0,29888,30223,60111,0,0,0,29888,30223,60111,149.1856,-21.1412
2738,mackay,Mar-23,2023,3,193.0,100.0,202.0,92.0,38325,39130,77455,0,0,0,38325,39130,77455,149.1856,-21.1412
2739,mackay,May-04,2004,5,163.0,11.0,164.0,8.0,20427,20208,40635,0,0,0,20427,20208,40635,149.1856,-21.1412
2740,mackay,May-05,2005,5,180.0,28.0,181.0,30.0,26099,26090,52189,0,0,0,26099,26090,52189,149.1856,-21.1412
2741,mackay,May-06,2006,5,222.0,22.0,215.0,29.0,29083,29141,58224,0,0,0,29083,29141,58224,149.1856,-21.1412
2742,mackay,May-07,2007,5,232.0,16.0,227.0,21.0,32922,33234,66156,0,0,0,32922,33234,66156,149.1856,-21.1412
2743,mackay,May-08,2008,5,197.0,56.0,197.0,58.0,36976,37013,73989,0,0,0,36976,37013,73989,149.1856,-21.1412
2744,mackay,May-09,2009,5,233.0,40.0,232.0,41.0,38023,37882,75905,0,0,0,38023,37882,75905,149.1856,-21.1412
2745,mackay,May-10,2010,5,312.0,34.0,298.0,47.0,37655,37959,75614,0,0,0,37655,37959,75614,149.1856,-21.1412
2746,mackay,May-11,2011,5,280.0,59.0,282.0,59.0,44832,43888,88720,0,0,0,44832,43888,88720,149.1856,-21.1412
2747,mackay,May-12,2012,5,312.0,75.0,313.0,74.0,48281,48824,97105,0,0,0,48281,48824,97105,149.1856,-21.1412
2748,mackay,May-13,2013,5,289.0,85.0,319.0,55.0,44764,45633,90397,0,0,0,44764,45633,90397,149.1856,-21.1412
2749,mackay,May-14,2014,5,269.0,40.0,278.0,30.0,39723,40390,80113,0,0,0,39723,40390,80113,149.1856,-21.1412
2750,mackay,May-15,2015,5,297.0,26.0,295.0,29.0,37417,37180,74597,0,0,0,37417,37180,74597,149.1856,-21.1412
2751,mackay,May-16,2016,5,283.0,22.0,285.0,22.0,32884,32963,65847,0,0,0,32884,32963,65847,149.1856,-21.1412
2752,mackay,May-17,2017,5,220.0,68.0,226.0,61.0,32115,32556,64671,0,0,0,32115,32556,64671,149.1856,-21.1412
2753,mackay,May-18,2018,5,258.0,27.0,262.0,30.0,34118,34075,68193,0,0,0,34118,34075,68193,149.1856,-21.1412
2754,mackay,May-19,2019,5,285.0,29.0,279.0,39.0,35423,36124,71547,0,0,0,35423,36124,71547,149.1856,-21.1412
2755,mackay,May-20,2020,5,36.0,1.0,36.0,1.0,3517,3674,7191,0,0,0,3517,3674,7191,149.1856,-21.1412
2756,mackay,May-21,2021,5,180.0,46.0,180.0,42.0,33407,32991,66398,0,0,0,33407,32991,66398,149.1856,-21.1412
2757,mackay,May-22,2022,5,199.0,78.0,188.0,90.0,36770,36153,72923,0,0,0,36770,36153,72923,149.1856,-21.1412
2758,mackay,May-23,2023,5,174.0,108.0,176.0,102.0,38687,37989,76676,0,0,0,38687,37989,76676,149.1856,-21.1412
2759,mackay,Nov-04,2004,11,167.0,18.0,172.0,14.0,22808,22791,45599,0,0,0,22808,22791,45599,149.1856,-21.1412
2760,mackay,Nov-05,2005,11,185.0,21.0,183.0,23.0,26114,26055,52169,0,0,0,26114,26055,52169,149.1856,-21.1412
2761,mackay,Nov-06,2006,11,215.0,21.0,208.0,28.0,30441,30783,61224,0,0,0,30441,30783,61224,149.1856,-21.1412
2762,mackay,Nov-07,2007,11,213.0,39.0,188.0,65.0,33966,34081,68047,0,0,0,33966,34081,68047,149.1856,-21.1412
2763,mackay,Nov-08,2008,11,243.0,46.0,235.0,53.0,40697,40176,80873,0,0,0,40697,40176,80873,149.1856,-21.1412
2764,mackay,Nov-09,2009,11,266.0,28.0,264.0,31.0,38991,39381,78372,0,0,0,38991,39381,78372,149.1856,-21.1412
2765,mackay,Nov-10,2010,11,287.0,79.0,283.0,84.0,44241,43824,88065,0,0,0,44241,43824,88065,149.1856,-21.1412
2766,mackay,Nov-11,2011,11,300.0,58.0,305.0,53.0,47259,47269,94528,0,0,0,47259,47269,94528,149.1856,-21.1412
2767,mackay,Nov-12,2012,11,300.0,62.0,302.0,60.0,44720,45921,90641,0,0,0,44720,45921,90641,149.1856,-21.1412
2768,mackay,Nov-13,2013,11,248.0,95.0,244.0,98.0,42148,43201,85349,0,0,0,42148,43201,85349,149.1856,-21.1412
2769,mackay,Nov-14,2014,11,275.0,36.0,279.0,32.0,37800,38193,75993,0,0,0,37800,38193,75993,149.1856,-21.1412
2770,mackay,Nov-15,2015,11,257.0,45.0,272.0,33.0,33988,33821,67809,0,0,0,33988,33821,67809,149.1856,-21.1412
2771,mackay,Nov-16,2016,11,244.0,43.0,239.0,51.0,31026,30902,61928,0,0,0,31026,30902,61928,149.1856,-21.1412
2772,mackay,Nov-17,2017,11,240.0,34.0,229.0,44.0,31991,32694,64685,0,0,0,31991,32694,64685,149.1856,-21.1412
2773,mackay,Nov-18,2018,11,240.0,35.0,231.0,48.0,33423,34034,67457,0,0,0,33423,34034,67457,149.1856,-21.1412
2774,mackay,Nov-19,2019,11,260.0,39.0,254.0,48.0,35584,36180,71764,0,0,0,35584,36180,71764,149.1856,-21.1412
2775,mackay,Nov-20,2020,11,163.0,18.0,168.0,14.0,22748,22440,45188,0,0,0,22748,22440,45188,149.1856,-21.1412
2776,mackay,Nov-21,2021,11,205.0,38.0,210.0,31.0,28231,27476,55707,0,0,0,28231,27476,55707,149.1856,-21.1412
2777,mackay,Nov-22,2022,11,203.0,74.0,189.0,84.0,38366,38712,77078,0,0,0,38366,38712,77078,149.1856,-21.1412
2778,mackay,Nov-23,2023,11,203.0,129.0,182.0,147.0,39453,40720,80173,0,0,0,39453,40720,80173,149.1856,-21.1412
2779,mackay,Oct-04,2004,10,167.0,17.0,172.0,15.0,24251,24884,49135,0,0,0,24251,24884,49135,149.1856,-21.1412
2780,mackay,Oct-05,2005,10,182.0,34.0,172.0,44.0,28482,29125,57607,0,0,0,28482,29125,57607,149.1856,-21.1412
2781,mackay,Oct-06,2006,10,226.0,18.0,229.0,15.0,33283,32842,66125,0,0,0,33283,32842,66125,149.1856,-21.1412
2782,mackay,Oct-07,2007,10,199.0,48.0,185.0,61.0,35582,35109,70691,0,0,0,35582,35109,70691,149.1856,-21.1412
2783,mackay,Oct-08,2008,10,245.0,57.0,232.0,70.0,43666,44336,88002,0,0,0,43666,44336,88002,149.1856,-21.1412
2784,mackay,Oct-09,2009,10,262.0,43.0,255.0,49.0,40964,41045,82009,0,0,0,40964,41045,82009,149.1856,-21.1412
2785,mackay,Oct-10,2010,10,320.0,54.0,311.0,62.0,47386,48552,95938,0,0,0,47386,48552,95938,149.1856,-21.1412
2786,mackay,Oct-11,2011,10,308.0,68.0,311.0,65.0,50403,50341,100744,0,0,0,50403,50341,100744,149.1856,-21.1412
2787,mackay,Oct-12,2012,10,321.0,78.0,311.0,87.0,49865,48668,98533,0,0,0,49865,48668,98533,149.1856,-21.1412
2788,mackay,Oct-13,2013,10,325.0,66.0,314.0,76.0,48466,48596,97062,0,0,0,48466,48596,97062,149.1856,-21.1412
2789,mackay,Oct-14,2014,10,298.0,34.0,306.0,27.0,43221,44844,88065,0,0,0,43221,44844,88065,149.1856,-21.1412
2790,mackay,Oct-15,2015,10,274.0,39.0,281.0,31.0,36013,36482,72495,0,0,0,36013,36482,72495,149.1856,-21.1412
2791,mackay,Oct-16,2016,10,277.0,29.0,275.0,32.0,32954,33473,66427,0,0,0,32954,33473,66427,149.1856,-21.1412
2792,mackay,Oct-17,2017,10,217.0,76.0,235.0,59.0,35292,34648,69940,0,0,0,35292,34648,69940,149.1856,-21.1412
2793,mackay,Oct-18,2018,10,244.0,47.0,248.0,49.0,35683,35066,70749,0,0,0,35683,35066,70749,149.1856,-21.1412
2794,mackay,Oct-19,2019,10,255.0,59.0,265.0,57.0,38439,38581,77020,0,0,0,38439,38581,77020,149.1856,-21.1412
2795,mackay,Oct-20,2020,10,164.0,14.0,159.0,17.0,20175,21086,41261,0,0,0,20175,21086,41261,149.1856,-21.1412
2796,mackay,Oct-21,2021,10,211.0,19.0,216.0,12.0,26940,27633,54573,0,0,0,26940,27633,54573,149.1856,-21.1412
2797,mackay,Oct-22,2022,10,192.0,80.0,207.0,60.0,38857,38747,77604,0,0,0,38857,38747,77604,149.1856,-21.1412
2798,mackay,Oct-23,2023,10,185.0,111.0,190.0,103.0,40467,40500,80967,0,0,0,40467,40500,80967,149.1856,-21.1412
2799,mackay,Sep-04,2004,9,156.0,24.0,163.0,17.0,24026,24348,48374,0,0,0,24026,24348,48374,149.1856,-21.1412
2800,mackay,Sep-05,2005,9,193.0,16.0,192.0,16.0,29054,29254,58308,0,0,0,29054,29254,58308,149.1856,-21.1412
2801,mackay,Sep-06,2006,9,191.0,44.0,195.0,40.0,32978,33000,65978,0,0,0,32978,33000,65978,149.1856,-21.1412
2802,mackay,Sep-07,2007,9,203.0,35.0,182.0,55.0,33806,34309,68115,0,0,0,33806,34309,68115,149.1856,-21.1412
2803,mackay,Sep-08,2008,9,251.0,39.0,238.0,51.0,42011,41353,83364,0,0,0,42011,41353,83364,149.1856,-21.1412
2804,mackay,Sep-09,2009,9,259.0,42.0,240.0,62.0,39508,39616,79124,0,0,0,39508,39616,79124,149.1856,-21.1412
2805,mackay,Sep-10,2010,9,255.0,89.0,264.0,81.0,46612,46479,93091,0,0,0,46612,46479,93091,149.1856,-21.1412
2806,mackay,Sep-11,2011,9,238.0,39.0,322.0,46.0,48453,49173,97626,0,0,0,48453,49173,97626,149.1856,-21.1412
2807,mackay,Sep-12,2012,9,303.0,70.0,315.0,58.0,47615,48248,95863,0,0,0,47615,48248,95863,149.1856,-21.1412
2808,mackay,Sep-13,2013,9,302.0,70.0,341.0,32.0,46861,45849,92710,0,0,0,46861,45849,92710,149.1856,-21.1412
2809,mackay,Sep-14,2014,9,263.0,48.0,281.0,32.0,41426,40415,81841,0,0,0,41426,40415,81841,149.1856,-21.1412
2810,mackay,Sep-15,2015,9,276.0,28.0,280.0,24.0,36204,36478,72682,0,0,0,36204,36478,72682,149.1856,-21.1412
2811,mackay,Sep-16,2016,9,250.0,54.0,265.0,39.0,32594,33221,65815,0,0,0,32594,33221,65815,149.1856,-21.1412
2812,mackay,Sep-17,2017,9,253.0,41.0,258.0,33.0,34889,35186,70075,0,0,0,34889,35186,70075,149.1856,-21.1412
2813,mackay,Sep-18,2018,9,238.0,44.0,236.0,50.0,34386,34831,69217,0,0,0,34386,34831,69217,149.1856,-21.1412
2814,mackay,Sep-19,2019,9,267.0,43.0,265.0,49.0,37679,37658,75337,0,0,0,37679,37658,75337,149.1856,-21.1412
2815,mackay,Sep-20,2020,9,152.0,12.0,156.0,8.0,17673,17700,35373,0,0,0,17673,17700,35373,149.1856,-21.1412
2816,mackay,Sep-21,2021,9,211.0,12.0,212.0,8.0,27786,27921,55707,0,0,0,27786,27921,55707,149.1856,-21.1412
2817,mackay,Sep-22,2022,9,156.0,102.0,165.0,89.0,38033,39124,77157,0,0,0,38033,39124,77157,149.1856,-21.1412
2818,mackay,Sep-23,2023,9,170.0,105.0,179.0,91.0,40959,41124,82083,0,0,0,40959,41124,82083,149.1856,-21.1412
2819,melbourne,Apr-04,2004,4,4495.0,553.0,4566.0,478.0,635311,632452,1267763,154450,159451,313901,789761,791903,1581664,144.9631,-37.8136
2820,melbourne,Apr-05,2005,4,4683.0,725.0,4696.0,723.0,681920,681424,1363344,165011,166036,331047,846931,847460,1694391,144.9631,-37.8136
2821,melbourne,Apr-06,2006,4,4569.0,546.0,4482.0,600.0,684662,689231,1373893,161967,174747,336714,846629,863978,1710607,144.9631,-37.8136
2822,melbourne,Apr-07,2007,4,4687.0,479.0,4650.0,512.0,736138,732239,1468377,178238,183063,361301,914376,915302,1829678,144.9631,-37.8136
2823,melbourne,Apr-08,2008,4,4911.0,1011.0,4755.0,1160.0,822051,806803,1628854,191257,185830,377087,1013308,992633,2005941,144.9631,-37.8136
2824,melbourne,Apr-09,2009,4,4788.0,993.0,4809.0,975.0,829998,819781,1649779,204299,208083,412382,1034297,1027864,2062161,144.9631,-37.8136
2825,melbourne,Apr-10,2010,4,5361.0,848.0,5349.0,864.0,896389,873538,1769927,220800,219940,440740,1117189,1093478,2210667,144.9631,-37.8136
2826,melbourne,Apr-11,2011,4,4766.0,1395.0,4721.0,1428.0,915423,915413,1830836,250130,274680,524810,1165553,1190093,2355646,144.9631,-37.8136
2827,melbourne,Apr-12,2012,4,5574.0,849.0,5457.0,965.0,897991,892848,1790839,266969,271006,537975,1164960,1163854,2328814,144.9631,-37.8136
2828,melbourne,Apr-13,2013,4,5549.0,1050.0,5488.0,1105.0,957148,924505,1881653,284224,278932,563156,1241372,1203437,2444809,144.9631,-37.8136
2829,melbourne,Apr-14,2014,4,5384.0,1452.0,5179.0,1659.0,970657,965801,1936458,314516,330983,645499,1285173,1296784,2581957,144.9631,-37.8136
2830,melbourne,Apr-15,2015,4,5963.0,1028.0,5844.0,1143.0,996733,964471,1961204,340239,344512,684751,1336972,1308983,2645955,144.9631,-37.8136
2831,melbourne,Apr-16,2016,4,6146.0,831.0,6069.0,915.0,1034619,975844,2010463,377543,363931,741474,1412162,1339775,2751937,144.9631,-37.8136
2832,melbourne,Apr-17,2017,4,5680.0,1228.0,5402.0,1502.0,1046704,1038005,2084709,421407,426800,848207,1468111,1464805,2932916,144.9631,-37.8136
2833,melbourne,Apr-18,2018,4,5600.0,1486.0,5379.0,1692.0,1084246,1051772,2136018,453020,441242,894262,1537266,1493014,3030280,144.9631,-37.8136
2834,melbourne,Apr-19,2019,4,5803.0,1299.0,5587.0,1510.0,1087004,1087168,2174172,454777,480480,935257,1541781,1567648,3109429,144.9631,-37.8136
2835,melbourne,Apr-20,2020,4,306.0,47.0,332.0,23.0,20061,21697,41758,5448,12355,17803,25509,34052,59561,144.9631,-37.8136
2836,melbourne,Apr-21,2021,4,4252.0,1005.0,4424.0,814.0,702091,692032,1394123,10375,16770,27145,712466,708802,1421268,144.9631,-37.8136
2837,melbourne,Apr-22,2022,4,3399.0,3234.0,3652.0,2946.0,958109,966159,1924268,157741,163915,321656,1115850,1130074,2245924,144.9631,-37.8136
2838,melbourne,Apr-23,2023,4,4571.0,2008.0,4474.0,2086.0,948194,972933,1921127,380077,397622,777699,1328271,1370555,2698826,144.9631,-37.8136
2839,melbourne,Aug-04,2004,8,4799.0,652.0,4834.0,624.0,678002,680488,1358490,148644,156785,305429,826646,837273,1663919,144.9631,-37.8136
2840,melbourne,Aug-05,2005,8,4844.0,689.0,4802.0,736.0,695534,699834,1395368,162467,166456,328923,858001,866290,1724291,144.9631,-37.8136
2841,melbourne,Aug-06,2006,8,4825.0,530.0,4744.0,609.0,732886,733370,1466256,163060,165438,328498,895946,898808,1794754,144.9631,-37.8136
2842,melbourne,Aug-07,2007,8,4479.0,980.0,4413.0,1047.0,773747,769472,1543219,182874,182956,365830,956621,952428,1909049,144.9631,-37.8136
2843,melbourne,Aug-08,2008,8,4470.0,1455.0,4246.0,1667.0,815624,816699,1632323,186810,188092,374902,1002434,1004791,2007225,144.9631,-37.8136
2844,melbourne,Aug-09,2009,8,4785.0,971.0,4767.0,992.0,823229,827693,1650922,203480,205689,409169,1026709,1033382,2060091,144.9631,-37.8136
2845,melbourne,Aug-10,2010,8,5064.0,1167.0,5019.0,1193.0,913529,920169,1833698,231395,241959,473354,1144924,1162128,2307052,144.9631,-37.8136
2846,melbourne,Aug-11,2011,8,5048.0,964.0,4900.0,1108.0,875410,876729,1752139,259446,261977,521423,1134856,1138706,2273562,144.9631,-37.8136
2847,melbourne,Aug-12,2012,8,5700.0,1016.0,5393.0,1326.0,935216,929624,1864840,271345,275906,547251,1206561,1205530,2412091,144.9631,-37.8136
2848,melbourne,Aug-13,2013,8,5438.0,1344.0,5143.0,1635.0,978746,973072,1951818,309206,314962,624168,1287952,1288034,2575986,144.9631,-37.8136
2849,melbourne,Aug-14,2014,8,5662.0,1180.0,5564.0,1295.0,979763,975378,1955141,323724,340678,664402,1303487,1316056,2619543,144.9631,-37.8136
2850,melbourne,Aug-15,2015,8,6427.0,712.0,6369.0,752.0,987007,994987,1981994,363372,369533,732905,1350379,1364520,2714899,144.9631,-37.8136
2851,melbourne,Aug-16,2016,8,6307.0,842.0,6210.0,934.0,1007425,1007861,2015286,387190,393644,780834,1394615,1401505,2796120,144.9631,-37.8136
2852,melbourne,Aug-17,2017,8,5822.0,1229.0,5429.0,1621.0,1032519,1026705,2059224,417818,422697,840515,1450337,1449402,2899739,144.9631,-37.8136
2853,melbourne,Aug-18,2018,8,5473.0,1405.0,5195.0,1690.0,1074421,1068580,2143001,464566,473550,938116,1538987,1542130,3081117,144.9631,-37.8136
2854,melbourne,Aug-19,2019,8,5190.0,1710.0,4768.0,2134.0,1080083,1074712,2154795,469163,473554,942717,1549246,1548266,3097512,144.9631,-37.8136
2855,melbourne,Aug-20,2020,8,170.0,45.0,181.0,35.0,6854,13444,20298,0,14761,14761,6854,28205,35059,144.9631,-37.8136
2856,melbourne,Aug-21,2021,8,591.0,54.0,566.0,65.0,33142,25526,58668,3681,8033,11714,36823,33559,70382,144.9631,-37.8136
2857,melbourne,Aug-22,2022,8,3917.0,1975.0,3705.0,2182.0,871004,884415,1755419,289587,260606,550193,1160591,1145021,2305612,144.9631,-37.8136
2858,melbourne,Aug-23,2023,8,4753.0,2035.0,4590.0,2185.0,972529,981256,1953785,430491,418894,849385,1403020,1400150,2803170,144.9631,-37.8136
2859,melbourne,Dec-04,2004,12,4729.0,875.0,4679.0,926.0,654922,672404,1327326,185771,213294,399065,840693,885698,1726391,144.9631,-37.8136
2860,melbourne,Dec-05,2005,12,4421.0,899.0,4353.0,959.0,693104,717437,1410541,185308,209529,394837,878412,926966,1805378,144.9631,-37.8136
2861,melbourne,Dec-06,2006,12,4575.0,811.0,4559.0,813.0,752975,766266,1519241,200204,219280,419484,953179,985546,1938725,144.9631,-37.8136
2862,melbourne,Dec-07,2007,12,4076.0,1420.0,3972.0,1522.0,805261,826024,1631285,197752,227813,425565,1003013,1053837,2056850,144.9631,-37.8136
2863,melbourne,Dec-08,2008,12,4667.0,1198.0,4585.0,1281.0,825195,836494,1661689,205898,242270,448168,1031093,1078764,2109857,144.9631,-37.8136
2864,melbourne,Dec-09,2009,12,4830.0,1001.0,4828.0,998.0,840898,858578,1699476,234725,279025,513750,1075623,1137603,2213226,144.9631,-37.8136
2865,melbourne,Dec-10,2010,12,4923.0,1588.0,4820.0,1689.0,933226,957852,1891078,265242,321150,586392,1198468,1279002,2477470,144.9631,-37.8136
2866,melbourne,Dec-11,2011,12,5336.0,975.0,5345.0,958.0,879421,910582,1790003,281266,344223,625489,1160687,1254805,2415492,144.9631,-37.8136
2867,melbourne,Dec-12,2012,12,5435.0,1260.0,5339.0,1348.0,939234,969425,1908659,302814,356081,658895,1242048,1325506,2567554,144.9631,-37.8136
2868,melbourne,Dec-13,2013,12,5555.0,1356.0,5438.0,1468.0,990722,1017563,2008285,334315,392306,726621,1325037,1409869,2734906,144.9631,-37.8136
2869,melbourne,Dec-14,2014,12,5830.0,1237.0,5572.0,1472.0,994717,1020431,2015148,355406,417081,772487,1350123,1437512,2787635,144.9631,-37.8136
2870,melbourne,Dec-15,2015,12,5813.0,1454.0,5923.0,1342.0,1042951,1067979,2110930,408817,468826,877643,1451768,1536805,2988573,144.9631,-37.8136
2871,melbourne,Dec-16,2016,12,5522.0,1677.0,5209.0,1982.0,1063853,1097863,2161716,444950,511091,956041,1508803,1608954,3117757,144.9631,-37.8136
2872,melbourne,Dec-17,2017,12,5679.0,1529.0,5450.0,1755.0,1083418,1118622,2202040,478099,537167,1015266,1561517,1655789,3217306,144.9631,-37.8136
2873,melbourne,Dec-18,2018,12,5178.0,1898.0,4952.0,2113.0,1066835,1110389,2177224,481836,562958,1044794,1548671,1673347,3222018,144.9631,-37.8136
2874,melbourne,Dec-19,2019,12,5207.0,1900.0,4827.0,2255.0,1084222,1138546,2222768,495779,575352,1071131,1580001,1713898,3293899,144.9631,-37.8136
2875,melbourne,Dec-20,2020,12,2326.0,528.0,2330.0,520.0,340896,398933,739829,5098,10989,16087,345994,409922,755916,144.9631,-37.8136
2876,melbourne,Dec-21,2021,12,3449.0,883.0,3479.0,832.0,451517,522284,973801,64060,63649,127709,515577,585933,1101510,144.9631,-37.8136
2877,melbourne,Dec-22,2022,12,4240.0,2140.0,4152.0,2217.0,918537,937459,1855996,353353,422088,775441,1271890,1359547,2631437,144.9631,-37.8136
2878,melbourne,Feb-04,2004,2,4323.0,373.0,4346.0,355.0,597254,601902,1199156,168702,132445,301147,765956,734347,1500303,144.9631,-37.8136
2879,melbourne,Feb-05,2005,2,4242.0,808.0,4248.0,802.0,617742,627651,1245393,189638,153315,342953,807380,780966,1588346,144.9631,-37.8136
2880,melbourne,Feb-06,2006,2,4496.0,518.0,4488.0,542.0,633682,638290,1271972,190788,153505,344293,824470,791795,1616265,144.9631,-37.8136
2881,melbourne,Feb-07,2007,2,4364.0,525.0,4344.0,540.0,676206,675627,1351833,196447,161820,358267,872653,837447,1710100,144.9631,-37.8136
2882,melbourne,Feb-08,2008,2,4260.0,1004.0,4140.0,1118.0,804566,793116,1597682,204958,169355,374313,1009524,962471,1971995,144.9631,-37.8136
2883,melbourne,Feb-09,2009,2,4469.0,791.0,4491.0,768.0,746205,739743,1485948,210713,168227,378940,956918,907970,1864888,144.9631,-37.8136
2884,melbourne,Feb-10,2010,2,4558.0,901.0,4503.0,952.0,802637,808660,1611297,243752,204449,448201,1046389,1013109,2059498,144.9631,-37.8136
2885,melbourne,Feb-11,2011,2,4216.0,1356.0,3965.0,1602.0,807515,802662,1610177,274243,220878,495121,1081758,1023540,2105298,144.9631,-37.8136
2886,melbourne,Feb-12,2012,2,5058.0,982.0,5025.0,1002.0,830879,821103,1651982,291804,232419,524223,1122683,1053522,2176205,144.9631,-37.8136
2887,melbourne,Feb-13,2013,2,4690.0,1302.0,4552.0,1443.0,857315,842347,1699662,290165,245270,535435,1147480,1087617,2235097,144.9631,-37.8136
2888,melbourne,Feb-14,2014,2,5540.0,647.0,5377.0,818.0,879950,874523,1754473,317446,271754,589200,1197396,1146277,2343673,144.9631,-37.8136
2889,melbourne,Feb-15,2015,2,5489.0,833.0,5390.0,926.0,900984,891650,1792634,365109,313219,678328,1266093,1204869,2470962,144.9631,-37.8136
2890,melbourne,Feb-16,2016,2,6020.0,699.0,6044.0,669.0,962294,958670,1920964,409332,354902,764234,1371626,1313572,2685198,144.9631,-37.8136
2891,melbourne,Feb-17,2017,2,5418.0,1025.0,5272.0,1166.0,936529,925300,1861829,424162,354176,778338,1360691,1279476,2640167,144.9631,-37.8136
2892,melbourne,Feb-18,2018,2,5449.0,998.0,5260.0,1186.0,968029,959519,1927548,469329,401858,871187,1437358,1361377,2798735,144.9631,-37.8136
2893,melbourne,Feb-19,2019,2,5291.0,1183.0,5066.0,1400.0,981359,971364,1952723,483548,405796,889344,1464907,1377160,2842067,144.9631,-37.8136
2894,melbourne,Feb-20,2020,2,5129.0,1255.0,4710.0,1668.0,921157,934726,1855883,408642,334254,742896,1329799,1268980,2598779,144.9631,-37.8136
2895,melbourne,Feb-21,2021,2,1811.0,177.0,1815.0,179.0,207398,195779,403177,3119,8122,11241,210517,203901,414418,144.9631,-37.8136
2896,melbourne,Feb-22,2022,2,3152.0,578.0,3141.0,562.0,496393,503676,1000069,89738,54225,143963,586131,557901,1144032,144.9631,-37.8136
2897,melbourne,Feb-23,2023,2,4218.0,1546.0,4064.0,1695.0,821901,821353,1643254,381441,282806,664247,1203342,1104159,2307501,144.9631,-37.8136
2898,melbourne,Jan-04,2004,1,4309.0,708.0,4373.0,656.0,656860,627798,1284658,189024,168144,357168,845884,795942,1641826,144.9631,-37.8136
2899,melbourne,Jan-05,2005,1,4900.0,625.0,4876.0,637.0,667736,649337,1317073,224188,189259,413447,891924,838596,1730520,144.9631,-37.8136
2900,melbourne,Jan-06,2006,1,4590.0,713.0,4548.0,749.0,718468,695866,1414334,221854,188571,410425,940322,884437,1824759,144.9631,-37.8136
2901,melbourne,Jan-07,2007,1,4664.0,518.0,4663.0,518.0,762461,744091,1506552,227278,202772,430050,989739,946863,1936602,144.9631,-37.8136
2902,melbourne,Jan-08,2008,1,4423.0,959.0,4341.0,1045.0,848447,822829,1671276,233816,199579,433395,1082263,1022408,2104671,144.9631,-37.8136
2903,melbourne,Jan-09,2009,1,5236.0,888.0,5263.0,845.0,856085,833050,1689135,252477,212009,464486,1108562,1045059,2153621,144.9631,-37.8136
2904,melbourne,Jan-10,2010,1,5037.0,742.0,5026.0,748.0,857377,826363,1683740,284826,243684,528510,1142203,1070047,2212250,144.9631,-37.8136
2905,melbourne,Jan-11,2011,1,5035.0,1452.0,4906.0,1591.0,932364,895173,1827537,336970,290873,627843,1269334,1186046,2455380,144.9631,-37.8136
2906,melbourne,Jan-12,2012,1,5162.0,1087.0,5170.0,1073.0,926139,886181,1812320,354018,306119,660137,1280157,1192300,2472457,144.9631,-37.8136
2907,melbourne,Jan-13,2013,1,5409.0,1205.0,5382.0,1237.0,980802,928327,1909129,363773,309819,673592,1344575,1238146,2582721,144.9631,-37.8136
2908,melbourne,Jan-14,2014,1,5993.0,803.0,5937.0,874.0,1015397,972715,1988112,405925,345753,751678,1421322,1318468,2739790,144.9631,-37.8136
2909,melbourne,Jan-15,2015,1,6068.0,900.0,6013.0,961.0,1004854,948075,1952929,438126,370081,808207,1442980,1318156,2761136,144.9631,-37.8136
2910,melbourne,Jan-16,2016,1,5961.0,1117.0,5896.0,1176.0,1054336,987466,2041802,479446,415848,895294,1533782,1403314,2937096,144.9631,-37.8136
2911,melbourne,Jan-17,2017,1,6136.0,1015.0,6069.0,1072.0,1090953,1037134,2128087,523394,456706,980100,1614347,1493840,3108187,144.9631,-37.8136
2912,melbourne,Jan-18,2018,1,5847.0,1293.0,5690.0,1445.0,1109308,1061660,2170968,547626,473098,1020724,1656934,1534758,3191692,144.9631,-37.8136
2913,melbourne,Jan-19,2019,1,5914.0,1290.0,5765.0,1435.0,1121723,1066341,2188064,568799,501288,1070087,1690522,1567629,3258151,144.9631,-37.8136
2914,melbourne,Jan-20,2020,1,4991.0,1842.0,4467.0,2377.0,1116371,1053603,2169974,581276,514803,1096079,1697647,1568406,3266053,144.9631,-37.8136
2915,melbourne,Jan-21,2021,1,2319.0,294.0,2289.0,331.0,338480,286543,625023,6753,10340,17093,345233,296883,642116,144.9631,-37.8136
2916,melbourne,Jan-22,2022,1,3600.0,844.0,3661.0,766.0,571917,515075,1086992,84811,58865,143676,656728,573940,1230668,144.9631,-37.8136
2917,melbourne,Jan-23,2023,1,4901.0,1611.0,4719.0,1777.0,951384,924241,1875625,445135,385246,830381,1396519,1309487,2706006,144.9631,-37.8136
2918,melbourne,Jul-04,2004,7,4547.0,858.0,4635.0,774.0,685661,669275,1354936,194163,152010,346173,879824,821285,1701109,144.9631,-37.8136
2919,melbourne,Jul-05,2005,7,4816.0,676.0,4807.0,694.0,711087,698285,1409372,207364,164140,371504,918451,862425,1780876,144.9631,-37.8136
2920,melbourne,Jul-06,2006,7,4401.0,885.0,4301.0,976.0,733713,727486,1461199,196492,157279,353771,930205,884765,1814970,144.9631,-37.8136
2921,melbourne,Jul-07,2007,7,3976.0,1397.0,3963.0,1413.0,770581,768036,1538617,204486,180555,385041,975067,948591,1923658,144.9631,-37.8136
2922,melbourne,Jul-08,2008,7,4336.0,1652.0,4006.0,1977.0,854051,827941,1681992,220372,184151,404523,1074423,1012092,2086515,144.9631,-37.8136
2923,melbourne,Jul-09,2009,7,4766.0,1004.0,4724.0,1042.0,837988,809609,1647597,240001,197523,437524,1077989,1007132,2085121,144.9631,-37.8136
2924,melbourne,Jul-10,2010,7,5183.0,1263.0,5183.0,1259.0,944778,913028,1857806,283636,231976,515612,1228414,1145004,2373418,144.9631,-37.8136
2925,melbourne,Jul-11,2011,7,4582.0,1367.0,4384.0,1552.0,907802,900980,1808782,309728,262089,571817,1217530,1163069,2380599,144.9631,-37.8136
2926,melbourne,Jul-12,2012,7,5682.0,1141.0,5472.0,1333.0,953894,944955,1898849,316164,261920,578084,1270058,1206875,2476933,144.9631,-37.8136
2927,melbourne,Jul-13,2013,7,5419.0,1575.0,5299.0,1697.0,1027044,1007540,2034584,350003,299718,649721,1377047,1307258,2684305,144.9631,-37.8136
2928,melbourne,Jul-14,2014,7,5575.0,1438.0,5249.0,1753.0,1022903,993072,2015975,396854,328613,725467,1419757,1321685,2741442,144.9631,-37.8136
2929,melbourne,Jul-15,2015,7,5969.0,1380.0,5782.0,1572.0,1088788,1042230,2131018,420433,358670,779103,1509221,1400900,2910121,144.9631,-37.8136
2930,melbourne,Jul-16,2016,7,5692.0,1611.0,5152.0,2148.0,1099867,1051762,2151629,473996,402026,876022,1573863,1453788,3027651,144.9631,-37.8136
2931,melbourne,Jul-17,2017,7,5589.0,1663.0,5177.0,2069.0,1109391,1101270,2210661,498958,427923,926881,1608349,1529193,3137542,144.9631,-37.8136
2932,melbourne,Jul-18,2018,7,5045.0,2201.0,4536.0,2696.0,1149198,1116250,2265448,538582,455634,994216,1687780,1571884,3259664,144.9631,-37.8136
2933,melbourne,Jul-19,2019,7,5138.0,2137.0,4365.0,2911.0,1142322,1109884,2252206,532482,460719,993201,1674804,1570603,3245407,144.9631,-37.8136
2934,melbourne,Jul-20,2020,7,401.0,46.0,403.0,44.0,29537,31636,61173,49,12705,12754,29586,44341,73927,144.9631,-37.8136
2935,melbourne,Jul-21,2021,7,1854.0,265.0,1808.0,299.0,225224,184414,409638,22227,26795,49022,247451,211209,458660,144.9631,-37.8136
2936,melbourne,Jul-22,2022,7,2985.0,3034.0,2996.0,3026.0,980671,937906,1918577,318139,273435,591574,1298810,1211341,2510151,144.9631,-37.8136
2937,melbourne,Jul-23,2023,7,4393.0,2327.0,4165.0,2544.0,1009111,981811,1990922,499513,416165,915678,1508624,1397976,2906600,144.9631,-37.8136
2938,melbourne,Jun-04,2004,6,4611.0,623.0,4655.0,584.0,623448,644929,1268377,136158,163641,299799,759606,808570,1568176,144.9631,-37.8136
2939,melbourne,Jun-05,2005,6,4454.0,904.0,4473.0,884.0,631380,655685,1287065,147415,176352,323767,778795,832037,1610832,144.9631,-37.8136
2940,melbourne,Jun-06,2006,6,4191.0,902.0,4208.0,884.0,671134,687726,1358860,157179,187538,344717,828313,875264,1703577,144.9631,-37.8136
2941,melbourne,Jun-07,2007,6,4227.0,944.0,4159.0,1009.0,689210,700137,1389347,168100,187830,355930,857310,887967,1745277,144.9631,-37.8136
2942,melbourne,Jun-08,2008,6,4241.0,1494.0,3984.0,1745.0,756139,785495,1541634,178213,199813,378026,934352,985308,1919660,144.9631,-37.8136
2943,melbourne,Jun-09,2009,6,4358.0,1063.0,4377.0,1042.0,721727,758140,1479867,178162,218630,396792,899889,976770,1876659,144.9631,-37.8136
2944,melbourne,Jun-10,2010,6,4875.0,1139.0,4850.0,1156.0,819152,851471,1670623,208773,257409,466182,1027925,1108880,2136805,144.9631,-37.8136
2945,melbourne,Jun-11,2011,6,4449.24,1140.76,4327.05,1258.95,797066,804285,1601351,223865,273382,497247,1020931,1077667,2098598,144.9631,-37.8136
2946,melbourne,Jun-12,2012,6,5279.0,718.0,5093.0,892.0,836515,858023,1694538,248038,295361,543399,1084553,1153384,2237937,144.9631,-37.8136
2947,melbourne,Jun-13,2013,6,5161.0,1111.0,5129.0,1138.0,861377,881739,1743116,266815,316664,583479,1128192,1198403,2326595,144.9631,-37.8136
2948,melbourne,Jun-14,2014,6,5337.0,1334.0,5138.0,1523.0,883595,924070,1807665,283842,355095,638937,1167437,1279165,2446602,144.9631,-37.8136
2949,melbourne,Jun-15,2015,6,6142.0,738.0,6099.0,767.0,892847,934705,1827552,308765,379573,688338,1201612,1314278,2515890,144.9631,-37.8136
2950,melbourne,Jun-16,2016,6,5398.0,1233.0,5224.0,1396.0,934008,983208,1917216,344024,421392,765416,1278032,1404600,2682632,144.9631,-37.8136
2951,melbourne,Jun-17,2017,6,5839.0,838.0,5639.0,1035.0,966297,988130,1954427,368104,439357,807461,1334401,1427487,2761888,144.9631,-37.8136
2952,melbourne,Jun-18,2018,6,4935.0,1672.0,4688.0,1915.0,962605,1010009,1972614,410590,492367,902957,1373195,1502376,2875571,144.9631,-37.8136
2953,melbourne,Jun-19,2019,6,5470.0,1152.0,5077.0,1519.0,944965,1000243,1945208,413493,488023,901516,1358458,1488266,2846724,144.9631,-37.8136
2954,melbourne,Jun-20,2020,6,492.0,60.0,508.0,47.0,60190,62328,122518,6431,9456,15887,66621,71784,138405,144.9631,-37.8136
2955,melbourne,Jun-21,2021,6,1885.0,244.0,1891.0,237.0,152189,168931,321120,10613,14502,25115,162802,183433,346235,144.9631,-37.8136
2956,melbourne,Jun-22,2022,6,3289.0,2977.0,3410.0,2832.0,886863,942296,1829159,211256,253957,465213,1098119,1196253,2294372,144.9631,-37.8136
2957,melbourne,Jun-23,2023,6,4329.0,2156.0,4039.0,2418.0,891770,939062,1830832,376556,443993,820549,1268326,1383055,2651381,144.9631,-37.8136
2958,melbourne,Mar-04,2004,3,4802.0,458.0,4851.0,406.0,660843,667740,1328583,154264,159916,314180,815107,827656,1642763,144.9631,-37.8136
2959,melbourne,Mar-05,2005,3,4834.0,770.0,4904.0,698.0,702608,713175,1415783,179860,180907,360767,882468,894082,1776550,144.9631,-37.8136
2960,melbourne,Mar-06,2006,3,4996.0,471.0,4968.0,494.0,715770,712938,1428708,183635,176863,360498,899405,889801,1789206,144.9631,-37.8136
2961,melbourne,Mar-07,2007,3,4663.0,785.0,4688.0,755.0,767156,775140,1542296,196256,193785,390041,963412,968925,1932337,144.9631,-37.8136
2962,melbourne,Mar-08,2008,3,4671.0,980.0,4635.0,1012.0,865100,883525,1748625,201409,205233,406642,1066509,1088758,2155267,144.9631,-37.8136
2963,melbourne,Mar-09,2009,3,5158.0,786.0,5137.0,798.0,845636,852062,1697698,202276,196643,398919,1047912,1048705,2096617,144.9631,-37.8136
2964,melbourne,Mar-10,2010,3,5146.0,1064.0,5073.0,1135.0,905092,921247,1826339,231673,239252,470925,1136765,1160499,2297264,144.9631,-37.8136
2965,melbourne,Mar-11,2011,3,5045.0,1333.0,4687.0,1684.0,928617,924483,1853100,243754,237994,481748,1172371,1162477,2334848,144.9631,-37.8136
2966,melbourne,Mar-12,2012,3,5462.0,1113.0,5435.0,1121.0,932200,936193,1868393,268269,279024,547293,1200469,1215217,2415686,144.9631,-37.8136
2967,melbourne,Mar-13,2013,3,5405.0,1361.0,5439.0,1324.0,958278,995662,1953940,284291,298294,582585,1242569,1293956,2536525,144.9631,-37.8136
2968,melbourne,Mar-14,2014,3,5909.0,1012.0,5630.0,1284.0,982380,989492,1971872,298547,301050,599597,1280927,1290542,2571469,144.9631,-37.8136
2969,melbourne,Mar-15,2015,3,6237.0,912.0,6211.0,931.0,1005878,1039069,2044947,345323,371197,716520,1351201,1410266,2761467,144.9631,-37.8136
2970,melbourne,Mar-16,2016,3,6023.0,1205.0,5752.0,1464.0,1040159,1071754,2111913,375712,400070,775782,1415871,1471824,2887695,144.9631,-37.8136
2971,melbourne,Mar-17,2017,3,5705.0,1502.0,5474.0,1728.0,1067607,1069795,2137402,388096,397069,785165,1455703,1466864,2922567,144.9631,-37.8136
2972,melbourne,Mar-18,2018,3,5910.0,1395.0,5771.0,1524.0,1098311,1128272,2226583,445563,464345,909908,1543874,1592617,3136491,144.9631,-37.8136
2973,melbourne,Mar-19,2019,3,5662.0,1520.0,5348.0,1822.0,1086603,1092582,2179185,441993,443824,885817,1528596,1536406,3065002,144.9631,-37.8136
2974,melbourne,Mar-20,2020,3,4125.0,707.0,3931.0,911.0,624922,619391,1244313,244268,227490,471758,869190,846881,1716071,144.9631,-37.8136
2975,melbourne,Mar-21,2021,3,3330.0,460.0,3274.0,509.0,479091,494543,973634,1798,8153,9951,480889,502696,983585,144.9631,-37.8136
2976,melbourne,Mar-22,2022,3,4102.0,1346.0,4123.0,1296.0,753316,751571,1504887,107926,95493,203419,861242,847064,1708306,144.9631,-37.8136
2977,melbourne,Mar-23,2023,3,4617.0,1978.0,4461.0,2137.0,997609,978577,1976186,370815,352659,723474,1368424,1331236,2699660,144.9631,-37.8136
2978,melbourne,May-04,2004,5,4834.0,454.0,4854.0,427.0,633193,633363,1266556,128728,148120,276848,761921,781483,1543404,144.9631,-37.8136
2979,melbourne,May-05,2005,5,4981.0,519.0,4880.0,580.0,649439,654348,1303787,137456,161326,298782,786895,815674,1602569,144.9631,-37.8136
2980,melbourne,May-06,2006,5,4771.0,492.0,4671.0,586.0,680308,686839,1367147,139726,163023,302749,820034,849862,1669896,144.9631,-37.8136
2981,melbourne,May-07,2007,5,4784.0,578.0,4784.0,580.0,707706,709545,1417251,156746,175322,332068,864452,884867,1749319,144.9631,-37.8136
2982,melbourne,May-08,2008,5,5160.0,899.0,5005.0,1052.0,792439,791126,1583565,166679,188468,355147,959118,979594,1938712,144.9631,-37.8136
2983,melbourne,May-09,2009,5,4726.0,856.0,4742.0,843.0,776173,775039,1551212,173774,197709,371483,949947,972748,1922695,144.9631,-37.8136
2984,melbourne,May-10,2010,5,5472.0,761.0,5374.0,855.0,840775,841892,1682667,188710,221202,409912,1029485,1063094,2092579,144.9631,-37.8136
2985,melbourne,May-11,2011,5,5120.0,1074.0,4989.0,1195.0,872415,876279,1748694,230962,247707,478669,1103377,1123986,2227363,144.9631,-37.8136
2986,melbourne,May-12,2012,5,5613.0,682.0,5486.0,797.0,874047,871643,1745690,230069,259264,489333,1104116,1130907,2235023,144.9631,-37.8136
2987,melbourne,May-13,2013,5,5554.0,925.0,5507.0,969.0,889504,893160,1782664,247987,284390,532377,1137491,1177550,2315041,144.9631,-37.8136
2988,melbourne,May-14,2014,5,5989.0,879.0,5881.0,982.0,919075,914120,1833195,288008,311686,599694,1207083,1225806,2432889,144.9631,-37.8136
2989,melbourne,May-15,2015,5,6100.0,791.0,5925.0,951.0,936622,936219,1872841,302738,334198,636936,1239360,1270417,2509777,144.9631,-37.8136
2990,melbourne,May-16,2016,5,5897.0,908.0,5765.0,1028.0,965286,979592,1944878,329015,361483,690498,1294301,1341075,2635376,144.9631,-37.8136
2991,melbourne,May-17,2017,5,6010.0,800.0,5821.0,989.0,982991,993236,1976227,355754,384545,740299,1338745,1377781,2716526,144.9631,-37.8136
2992,melbourne,May-18,2018,5,5701.0,1139.0,5571.0,1268.0,1000156,1007655,2007811,387395,413425,800820,1387551,1421080,2808631,144.9631,-37.8136
2993,melbourne,May-19,2019,5,5808.0,1068.0,5507.0,1366.0,1010459,1006610,2017069,414406,429113,843519,1424865,1435723,2860588,144.9631,-37.8136
2994,melbourne,May-20,2020,5,285.0,29.0,286.0,27.0,29128,28400,57528,5643,9003,14646,34771,37403,72174,144.9631,-37.8136
2995,melbourne,May-21,2021,5,4235.0,869.0,4261.0,836.0,599667,601938,1201605,25732,24656,50388,625399,626594,1251993,144.9631,-37.8136
2996,melbourne,May-22,2022,5,3735.0,2640.0,3834.0,2512.0,861600,868868,1730468,182478,180486,362964,1044078,1049354,2093432,144.9631,-37.8136
2997,melbourne,May-23,2023,5,4988.0,1854.0,4809.0,2027.0,919970,928001,1847971,356854,382672,739526,1276824,1310673,2587497,144.9631,-37.8136
2998,melbourne,Nov-04,2004,11,4748.0,746.0,4778.0,718.0,678563,678876,1357439,172338,175154,347492,850901,854030,1704931,144.9631,-37.8136
2999,melbourne,Nov-05,2005,11,4414.0,921.0,4316.0,908.0,714523,715258,1429781,170855,178943,349798,885378,894201,1779579,144.9631,-37.8136
3000,melbourne,Nov-06,2006,11,4578.0,734.0,4514.0,799.0,772161,769076,1541237,180335,182668,363003,952496,951744,1904240,144.9631,-37.8136
3001,melbourne,Nov-07,2007,11,4121.0,1351.0,4053.0,1425.0,814988,810240,1625228,194774,195578,390352,1009762,1005818,2015580,144.9631,-37.8136
3002,melbourne,Nov-08,2008,11,4524.0,1388.0,4342.0,1558.0,833876,832249,1666125,195450,199696,395146,1029326,1031945,2061271,144.9631,-37.8136
3003,melbourne,Nov-09,2009,11,4826.0,1016.0,4732.0,1108.0,871745,868621,1740366,218576,228831,447407,1090321,1097452,2187773,144.9631,-37.8136
3004,melbourne,Nov-10,2010,11,4918.0,1250.0,4897.0,1278.0,936055,926714,1862769,240786,250417,491203,1176841,1177131,2353972,144.9631,-37.8136
3005,melbourne,Nov-11,2011,11,4894.0,1174.0,4847.0,1218.0,903717,890863,1794580,267990,269556,537546,1171707,1160419,2332126,144.9631,-37.8136
3006,melbourne,Nov-12,2012,11,5691.0,1087.0,5341.0,1437.0,1003285,988212,1991497,281637,289422,571059,1284922,1277634,2562556,144.9631,-37.8136
3007,melbourne,Nov-13,2013,11,5462.0,1285.0,5235.0,1508.0,993447,978633,1972080,297331,296101,593432,1290778,1274734,2565512,144.9631,-37.8136
3008,melbourne,Nov-14,2014,11,5855.0,903.0,5639.0,1119.0,1001601,994496,1996097,328293,335780,664073,1329894,1330276,2660170,144.9631,-37.8136
3009,melbourne,Nov-15,2015,11,5691.0,1374.0,5569.0,1483.0,1040806,1038007,2078813,369057,367768,736825,1409863,1405775,2815638,144.9631,-37.8136
3010,melbourne,Nov-16,2016,11,5484.0,1519.0,4883.0,2113.0,1081488,1066390,2147878,386213,394006,780219,1467701,1460396,2928097,144.9631,-37.8136
3011,melbourne,Nov-17,2017,11,5693.0,1433.0,5322.0,1796.0,1115131,1106079,2221210,419680,431707,851387,1534811,1537786,3072597,144.9631,-37.8136
3012,melbourne,Nov-18,2018,11,4930.0,2050.0,4537.0,2444.0,1117298,1107531,2224829,461965,473126,935091,1579263,1580657,3159920,144.9631,-37.8136
3013,melbourne,Nov-19,2019,11,5109.0,1808.0,4462.0,2450.0,1122505,1098922,2221427,460493,466560,927053,1582998,1565482,3148480,144.9631,-37.8136
3014,melbourne,Nov-20,2020,11,462.0,76.0,447.0,98.0,48680,50242,98922,511,8346,8857,49191,58588,107779,144.9631,-37.8136
3015,melbourne,Nov-21,2021,11,1364.0,131.0,1323.0,152.0,165347,169714,335061,19788,25339,45127,185135,195053,380188,144.9631,-37.8136
3016,melbourne,Nov-22,2022,11,3747.0,2326.0,3672.0,2401.0,949257,930494,1879751,333340,322667,656007,1282597,1253161,2535758,144.9631,-37.8136
3017,melbourne,Nov-23,2023,11,4162.0,2547.0,3870.0,2835.0,1040114,1028416,2068530,434191,441269,875460,1474305,1469685,2943990,144.9631,-37.8136
3018,melbourne,Oct-04,2004,10,4658.0,865.0,4690.0,849.0,709516,704727,1414243,194432,152197,346629,903948,856924,1760872,144.9631,-37.8136
3019,melbourne,Oct-05,2005,10,4677.0,779.0,4608.0,850.0,734132,731126,1465258,202890,158173,361063,937022,889299,1826321,144.9631,-37.8136
3020,melbourne,Oct-06,2006,10,5001.0,504.0,4932.0,574.0,781955,785887,1567842,198949,160761,359710,980904,946648,1927552,144.9631,-37.8136
3021,melbourne,Oct-07,2007,10,4407.0,1190.0,4291.0,1305.0,828393,814414,1642807,217864,173005,390869,1046257,987419,2033676,144.9631,-37.8136
3022,melbourne,Oct-08,2008,10,4895.0,1343.0,4747.0,1501.0,896828,875920,1772748,222911,180151,403062,1119739,1056071,2175810,144.9631,-37.8136
3023,melbourne,Oct-09,2009,10,4896.0,1062.0,4861.0,1100.0,898516,877825,1776341,249880,207089,456969,1148396,1084914,2233310,144.9631,-37.8136
3024,melbourne,Oct-10,2010,10,5191.0,1259.0,5013.0,1433.0,981550,974228,1955778,286793,239495,526288,1268343,1213723,2482066,144.9631,-37.8136
3025,melbourne,Oct-11,2011,10,4791.0,1285.0,4728.0,1349.0,933886,910870,1844756,306328,247114,553442,1240214,1157984,2398198,144.9631,-37.8136
3026,melbourne,Oct-12,2012,10,5930.0,926.0,5705.0,1143.0,1002582,981939,1984521,323971,261191,585162,1326553,1243130,2569683,144.9631,-37.8136
3027,melbourne,Oct-13,2013,10,5225.0,1822.0,5021.0,2021.0,1042381,1027168,2069549,347223,277637,624860,1389604,1304805,2694409,144.9631,-37.8136
3028,melbourne,Oct-14,2014,10,6167.0,1082.0,6015.0,1235.0,1084809,1063726,2148535,381908,312662,694570,1466717,1376388,2843105,144.9631,-37.8136
3029,melbourne,Oct-15,2015,10,6194.0,1159.0,6184.0,1181.0,1087942,1081715,2169657,422440,352894,775334,1510382,1434609,2944991,144.9631,-37.8136
3030,melbourne,Oct-16,2016,10,5728.0,1551.0,5385.0,1888.0,1093450,1100268,2193718,439964,373475,813439,1533414,1473743,3007157,144.9631,-37.8136
3031,melbourne,Oct-17,2017,10,5876.0,1394.0,5610.0,1649.0,1156852,1133498,2290350,486720,396510,883230,1643572,1530008,3173580,144.9631,-37.8136
3032,melbourne,Oct-18,2018,10,5873.0,1504.0,5594.0,1788.0,1166132,1142931,2309063,523788,436520,960308,1689920,1579451,3269371,144.9631,-37.8136
3033,melbourne,Oct-19,2019,10,5579.0,1795.0,4953.0,2420.0,1187346,1159072,2346418,504030,427549,931579,1691376,1586621,3277997,144.9631,-37.8136
3034,melbourne,Oct-20,2020,10,195.0,23.0,190.0,27.0,12720,14654,27374,0,10603,10603,12720,25257,37977,144.9631,-37.8136
3035,melbourne,Oct-21,2021,10,397.0,47.0,359.0,68.0,21168,15719,36887,2111,9855,11966,23279,25574,48853,144.9631,-37.8136
3036,melbourne,Oct-22,2022,10,4085.0,2093.0,4003.0,2166.0,962271,980846,1943117,335167,273556,608723,1297438,1254402,2551840,144.9631,-37.8136
3037,melbourne,Oct-23,2023,10,4637.0,2306.0,4535.0,2379.0,1040251,1061215,2101466,481237,403512,884749,1521488,1464727,2986215,144.9631,-37.8136
3038,melbourne,Sep-04,2004,9,4485.0,976.0,4526.0,926.0,690578,694845,1385423,166366,162238,328604,856944,857083,1714027,144.9631,-37.8136
3039,melbourne,Sep-05,2005,9,4894.0,658.0,4850.0,715.0,726488,735874,1462362,177772,169975,347747,904260,905849,1810109,144.9631,-37.8136
3040,melbourne,Sep-06,2006,9,4637.0,704.0,4534.0,808.0,760866,745023,1505889,187117,180311,367428,947983,925334,1873317,144.9631,-37.8136
3041,melbourne,Sep-07,2007,9,4315.0,1076.0,4326.0,1052.0,758147,770366,1528513,187800,191970,379770,945947,962336,1908283,144.9631,-37.8136
3042,melbourne,Sep-08,2008,9,4613.0,1345.0,4460.0,1494.0,816503,832370,1648873,192424,189709,382133,1008927,1022079,2031006,144.9631,-37.8136
3043,melbourne,Sep-09,2009,9,4527.0,1178.0,4555.0,1137.0,835205,851672,1686877,219950,222581,442531,1055155,1074253,2129408,144.9631,-37.8136
3044,melbourne,Sep-10,2010,9,4820.0,1335.0,4846.0,1315.0,935099,941432,1876531,255664,259528,515192,1190763,1200960,2391723,144.9631,-37.8136
3045,melbourne,Sep-11,2011,9,4788.0,1143.0,4739.0,1195.0,862222,882369,1744591,263756,282047,545803,1125978,1164416,2290394,144.9631,-37.8136
3046,melbourne,Sep-12,2012,9,5518.0,1125.0,5286.0,1344.0,931489,954733,1886222,284472,291959,576431,1215961,1246692,2462653,144.9631,-37.8136
3047,melbourne,Sep-13,2013,9,5489.0,1308.0,5381.0,1400.0,944229,957575,1901804,308437,314280,622717,1252666,1271855,2524521,144.9631,-37.8136
3048,melbourne,Sep-14,2014,9,5882.0,1028.0,5717.0,1193.0,966478,975178,1941656,337512,339350,676862,1303990,1314528,2618518,144.9631,-37.8136
3049,melbourne,Sep-15,2015,9,6347.0,799.0,6306.0,835.0,1003849,1002529,2006378,373604,370822,744426,1377453,1373351,2750804,144.9631,-37.8136
3050,melbourne,Sep-16,2016,9,6061.0,1145.0,5836.0,1373.0,1059435,1055705,2115140,407615,395718,803333,1467050,1451423,2918473,144.9631,-37.8136
3051,melbourne,Sep-17,2017,9,5447.0,1597.0,5003.0,2034.0,1047892,1061680,2109572,428355,438578,866933,1476247,1500258,2976505,144.9631,-37.8136
3052,melbourne,Sep-18,2018,9,5602.0,1302.0,5424.0,1467.0,1057707,1073931,2131638,471762,479739,951501,1529469,1553670,3083139,144.9631,-37.8136
3053,melbourne,Sep-19,2019,9,5229.0,1750.0,4712.0,2253.0,1069451,1092161,2161612,459116,468307,927423,1528567,1560468,3089035,144.9631,-37.8136
3054,melbourne,Sep-20,2020,9,165.0,34.0,178.0,20.0,8430,14941,23371,0,12320,12320,8430,27261,35691,144.9631,-37.8136
3055,melbourne,Sep-21,2021,9,407.0,40.0,386.0,48.0,15886,15063,30949,2201,7918,10119,18087,22981,41068,144.9631,-37.8136
3056,melbourne,Sep-22,2022,9,4079.0,1933.0,3912.0,2085.0,942733,938395,1881128,300395,284303,584698,1243128,1222698,2465826,144.9631,-37.8136
3057,melbourne,Sep-23,2023,9,4812.0,1916.0,4651.0,2063.0,1003307,988183,1991490,453183,438763,891946,1456490,1426946,2883436,144.9631,-37.8136
3058,newcastle,Apr-04,2004,4,97.0,21.0,99.0,18.0,13036,12861,25897,0,0,0,13036,12861,25897,151.7789,-32.9267
3059,newcastle,Apr-05,2005,4,296.0,41.0,295.0,45.0,30845,31369,62214,0,0,0,30845,31369,62214,151.7789,-32.9267
3060,newcastle,Apr-06,2006,4,298.0,35.0,299.0,34.0,35959,35275,71234,0,0,0,35959,35275,71234,151.7789,-32.9267
3061,newcastle,Apr-07,2007,4,296.0,40.0,304.0,35.0,39692,39821,79513,0,0,0,39692,39821,79513,151.7789,-32.9267
3062,newcastle,Apr-08,2008,4,179.0,77.0,197.0,59.0,44035,43976,88011,0,0,0,44035,43976,88011,151.7789,-32.9267
3063,newcastle,Apr-09,2009,4,298.0,92.0,322.0,68.0,49517,48395,97912,0,0,0,49517,48395,97912,151.7789,-32.9267
3064,newcastle,Apr-10,2010,4,343.0,57.0,341.0,57.0,48456,48416,96872,0,0,0,48456,48416,96872,151.7789,-32.9267
3065,newcastle,Apr-11,2011,4,312.0,81.0,313.0,79.0,50766,50560,101326,0,0,0,50766,50560,101326,151.7789,-32.9267
3066,newcastle,Apr-12,2012,4,294.0,77.0,299.0,73.0,48292,48472,96764,0,0,0,48292,48472,96764,151.7789,-32.9267
3067,newcastle,Apr-13,2013,4,286.0,103.0,303.0,88.0,50378,51919,102297,0,0,0,50378,51919,102297,151.7789,-32.9267
3068,newcastle,Apr-14,2014,4,309.0,86.0,315.0,78.0,47587,47954,95541,0,0,0,47587,47954,95541,151.7789,-32.9267
3069,newcastle,Apr-15,2015,4,287.0,80.0,312.0,54.0,46382,46468,92850,0,0,0,46382,46468,92850,151.7789,-32.9267
3070,newcastle,Apr-16,2016,4,308.0,50.0,315.0,45.0,46121,48685,94806,0,0,0,46121,48685,94806,151.7789,-32.9267
3071,newcastle,Apr-17,2017,4,344.0,60.0,350.0,55.0,54660,53913,108573,0,0,0,54660,53913,108573,151.7789,-32.9267
3072,newcastle,Apr-18,2018,4,283.0,79.0,293.0,68.0,51911,53359,105270,0,0,0,51911,53359,105270,151.7789,-32.9267
3073,newcastle,Apr-19,2019,4,305.0,75.0,304.0,77.0,53436,53930,107366,0,0,0,53436,53930,107366,151.7789,-32.9267
3074,newcastle,Apr-20,2020,4,8.0,1.0,8.0,1.0,247,189,436,0,0,0,247,189,436,151.7789,-32.9267
3075,newcastle,Apr-21,2021,4,289.0,51.0,277.0,64.0,39497,39748,79245,0,0,0,39497,39748,79245,151.7789,-32.9267
3076,newcastle,Apr-22,2022,4,247.0,176.0,240.0,183.0,53597,53244,106841,0,0,0,53597,53244,106841,151.7789,-32.9267
3077,newcastle,Apr-23,2023,4,271.0,120.0,284.0,112.0,48406,48215,96621,0,0,0,48406,48215,96621,151.7789,-32.9267
3078,newcastle,Aug-04,2004,8,274.0,26.0,266.0,34.0,21960,20807,42767,0,0,0,21960,20807,42767,151.7789,-32.9267
3079,newcastle,Aug-05,2005,8,304.0,43.0,304.0,43.0,31688,31509,63197,0,0,0,31688,31509,63197,151.7789,-32.9267
3080,newcastle,Aug-06,2006,8,337.0,24.0,311.0,49.0,39118,38273,77391,0,0,0,39118,38273,77391,151.7789,-32.9267
3081,newcastle,Aug-07,2007,8,318.0,52.0,316.0,54.0,42800,42838,85638,0,0,0,42800,42838,85638,151.7789,-32.9267
3082,newcastle,Aug-08,2008,8,303.0,48.0,285.0,66.0,49214,48617,97831,0,0,0,49214,48617,97831,151.7789,-32.9267
3083,newcastle,Aug-09,2009,8,349.0,42.0,347.0,46.0,47565,46462,94027,0,0,0,47565,46462,94027,151.7789,-32.9267
3084,newcastle,Aug-10,2010,8,325.0,76.0,308.0,93.0,49383,48098,97481,0,0,0,49383,48098,97481,151.7789,-32.9267
3085,newcastle,Aug-11,2011,8,317.0,71.0,302.0,86.0,49591,49141,98732,0,0,0,49591,49141,98732,151.7789,-32.9267
3086,newcastle,Aug-12,2012,8,300.0,83.0,303.0,80.0,47917,48401,96318,0,0,0,47917,48401,96318,151.7789,-32.9267
3087,newcastle,Aug-13,2013,8,304.0,99.0,304.0,100.0,50219,50413,100632,0,0,0,50219,50413,100632,151.7789,-32.9267
3088,newcastle,Aug-14,2014,8,304.0,87.0,322.0,68.0,48803,48481,97284,0,0,0,48803,48481,97284,151.7789,-32.9267
3089,newcastle,Aug-15,2015,8,349.0,35.0,342.0,42.0,48158,47567,95725,0,0,0,48158,47567,95725,151.7789,-32.9267
3090,newcastle,Aug-16,2016,8,388.0,28.0,372.0,43.0,50653,50216,100869,0,0,0,50653,50216,100869,151.7789,-32.9267
3091,newcastle,Aug-17,2017,8,368.0,42.0,361.0,50.0,49586,49587,99173,0,0,0,49586,49587,99173,151.7789,-32.9267
3092,newcastle,Aug-18,2018,8,290.0,74.0,285.0,81.0,51834,51579,103413,0,0,0,51834,51579,103413,151.7789,-32.9267
3093,newcastle,Aug-19,2019,8,315.0,52.0,290.0,75.0,52640,51999,104639,0,0,0,52640,51999,104639,151.7789,-32.9267
3094,newcastle,Aug-20,2020,8,31.0,3.0,30.0,5.0,3077,2296,5373,0,0,0,3077,2296,5373,151.7789,-32.9267
3095,newcastle,Aug-21,2021,8,50.0,7.0,55.0,2.0,1301,984,2285,0,0,0,1301,984,2285,151.7789,-32.9267
3096,newcastle,Aug-22,2022,8,241.0,108.0,227.0,122.0,42540,42309,84849,0,0,0,42540,42309,84849,151.7789,-32.9267
3097,newcastle,Aug-23,2023,8,272.0,123.0,280.0,117.0,49184,48597,97781,0,0,0,49184,48597,97781,151.7789,-32.9267
3098,newcastle,Dec-04,2004,12,272.0,54.0,261.0,65.0,28013,27065,55078,0,0,0,28013,27065,55078,151.7789,-32.9267
3099,newcastle,Dec-05,2005,12,296.0,39.0,282.0,51.0,34584,32717,67301,0,0,0,34584,32717,67301,151.7789,-32.9267
3100,newcastle,Dec-06,2006,12,304.0,45.0,300.0,51.0,39839,37872,77711,0,0,0,39839,37872,77711,151.7789,-32.9267
3101,newcastle,Dec-07,2007,12,256.0,90.0,270.0,76.0,43554,42513,86067,0,0,0,43554,42513,86067,151.7789,-32.9267
3102,newcastle,Dec-08,2008,12,312.0,80.0,317.0,74.0,51600,48971,100571,0,0,0,51600,48971,100571,151.7789,-32.9267
3103,newcastle,Dec-09,2009,12,317.0,41.0,313.0,45.0,47540,45271,92811,0,0,0,47540,45271,92811,151.7789,-32.9267
3104,newcastle,Dec-10,2010,12,322.0,134.0,322.0,134.0,57032,54344,111376,0,0,0,57032,54344,111376,151.7789,-32.9267
3105,newcastle,Dec-11,2011,12,293.0,92.0,295.0,89.0,51083,49724,100807,0,0,0,51083,49724,100807,151.7789,-32.9267
3106,newcastle,Dec-12,2012,12,308.0,99.0,306.0,101.0,50780,49146,99926,0,0,0,50780,49146,99926,151.7789,-32.9267
3107,newcastle,Dec-13,2013,12,275.0,124.0,311.0,91.0,53282,52192,105474,0,0,0,53282,52192,105474,151.7789,-32.9267
3108,newcastle,Dec-14,2014,12,266.0,99.0,275.0,92.0,48887,46957,95844,0,0,0,48887,46957,95844,151.7789,-32.9267
3109,newcastle,Dec-15,2015,12,318.0,82.0,315.0,84.0,50922,49590,100512,0,0,0,50922,49590,100512,151.7789,-32.9267
3110,newcastle,Dec-16,2016,12,327.0,95.0,313.0,107.0,54559,53371,107930,0,0,0,54559,53371,107930,151.7789,-32.9267
3111,newcastle,Dec-17,2017,12,344.0,50.0,334.0,60.0,56807,55893,112700,0,0,0,56807,55893,112700,151.7789,-32.9267
3112,newcastle,Dec-18,2018,12,287.0,100.0,278.0,111.0,53528,52785,106313,1004,1162,2166,54532,53947,108479,151.7789,-32.9267
3113,newcastle,Dec-19,2019,12,274.0,97.0,259.0,114.0,53867,52369,106236,1225,1323,2548,55092,53692,108784,151.7789,-32.9267
3114,newcastle,Dec-20,2020,12,222.0,47.0,230.0,39.0,31394,32309,63703,0,0,0,31394,32309,63703,151.7789,-32.9267
3115,newcastle,Dec-21,2021,12,203.0,50.0,201.0,50.0,23849,23949,47798,0,0,0,23849,23949,47798,151.7789,-32.9267
3116,newcastle,Dec-22,2022,12,294.0,90.0,279.0,105.0,43492,41951,85443,0,0,0,43492,41951,85443,151.7789,-32.9267
3117,newcastle,Feb-05,2005,2,292.0,32.0,291.0,37.0,26499,26348,52847,0,0,0,26499,26348,52847,151.7789,-32.9267
3118,newcastle,Feb-06,2006,2,282.0,46.0,255.0,52.0,30939,30297,61236,0,0,0,30939,30297,61236,151.7789,-32.9267
3119,newcastle,Feb-07,2007,2,300.0,28.0,297.0,31.0,35885,36002,71887,0,0,0,35885,36002,71887,151.7789,-32.9267
3120,newcastle,Feb-08,2008,2,181.0,65.0,189.0,58.0,43386,43637,87023,0,0,0,43386,43637,87023,151.7789,-32.9267
3121,newcastle,Feb-09,2009,2,279.0,72.0,281.0,70.0,43177,42024,85201,0,0,0,43177,42024,85201,151.7789,-32.9267
3122,newcastle,Feb-10,2010,2,280.0,41.0,272.0,49.0,42718,41936,84654,0,0,0,42718,41936,84654,151.7789,-32.9267
3123,newcastle,Feb-11,2011,2,266.0,98.0,254.0,112.0,43956,44185,88141,0,0,0,43956,44185,88141,151.7789,-32.9267
3124,newcastle,Feb-12,2012,2,220.0,111.0,235.0,95.0,45246,45691,90937,0,0,0,45246,45691,90937,151.7789,-32.9267
3125,newcastle,Feb-13,2013,2,224.0,111.0,244.0,91.0,43551,44133,87684,0,0,0,43551,44133,87684,151.7789,-32.9267
3126,newcastle,Feb-14,2014,2,280.0,61.0,292.0,49.0,42668,43461,86129,0,0,0,42668,43461,86129,151.7789,-32.9267
3127,newcastle,Feb-15,2015,2,264.0,51.0,262.0,53.0,39828,40397,80225,0,0,0,39828,40397,80225,151.7789,-32.9267
3128,newcastle,Feb-16,2016,2,323.0,38.0,325.0,36.0,44280,45153,89433,0,0,0,44280,45153,89433,151.7789,-32.9267
3129,newcastle,Feb-17,2017,2,296.0,55.0,296.0,56.0,44928,44996,89924,0,0,0,44928,44996,89924,151.7789,-32.9267
3130,newcastle,Feb-18,2018,2,273.0,43.0,255.0,63.0,46282,46490,92772,0,0,0,46282,46490,92772,151.7789,-32.9267
3131,newcastle,Feb-19,2019,2,293.0,48.0,281.0,62.0,45697,46100,91797,619,475,1094,46316,46575,92891,151.7789,-32.9267
3132,newcastle,Feb-20,2020,2,263.0,78.0,238.0,102.0,46233,46207,92440,625,479,1104,46858,46686,93544,151.7789,-32.9267
3133,newcastle,Feb-21,2021,2,180.0,10.0,181.0,11.0,23499,24066,47565,0,0,0,23499,24066,47565,151.7789,-32.9267
3134,newcastle,Feb-22,2022,2,164.0,55.0,167.0,54.0,26946,27306,54252,0,0,0,26946,27306,54252,151.7789,-32.9267
3135,newcastle,Feb-23,2023,2,299.0,61.0,290.0,72.0,38929,39363,78292,0,0,0,38929,39363,78292,151.7789,-32.9267
3136,newcastle,Jan-05,2005,1,285.0,35.0,280.0,38.0,28590,29074,57664,0,0,0,28590,29074,57664,151.7789,-32.9267
3137,newcastle,Jan-06,2006,1,290.0,49.0,274.0,64.0,34111,34568,68679,0,0,0,34111,34568,68679,151.7789,-32.9267
3138,newcastle,Jan-07,2007,1,332.0,35.0,337.0,31.0,39976,41117,81093,0,0,0,39976,41117,81093,151.7789,-32.9267
3139,newcastle,Jan-08,2008,1,251.0,85.0,257.0,79.0,45403,46196,91599,0,0,0,45403,46196,91599,151.7789,-32.9267
3140,newcastle,Jan-09,2009,1,302.0,82.0,322.0,62.0,51819,51575,103394,0,0,0,51819,51575,103394,151.7789,-32.9267
3141,newcastle,Jan-10,2010,1,300.0,43.0,306.0,41.0,45797,45624,91421,0,0,0,45797,45624,91421,151.7789,-32.9267
3142,newcastle,Jan-11,2011,1,309.0,129.0,315.0,123.0,52920,52748,105668,0,0,0,52920,52748,105668,151.7789,-32.9267
3143,newcastle,Jan-12,2012,1,299.0,93.0,303.0,93.0,49790,51020,100810,0,0,0,49790,51020,100810,151.7789,-32.9267
3144,newcastle,Jan-13,2013,1,283.0,123.0,309.0,100.0,48720,49719,98439,0,0,0,48720,49719,98439,151.7789,-32.9267
3145,newcastle,Jan-14,2014,1,313.0,85.0,328.0,71.0,50137,51529,101666,0,0,0,50137,51529,101666,151.7789,-32.9267
3146,newcastle,Jan-15,2015,1,297.0,71.0,293.0,74.0,45820,47358,93178,0,0,0,45820,47358,93178,151.7789,-32.9267
3147,newcastle,Jan-16,2016,1,300.0,81.0,318.0,67.0,46952,48275,95227,0,0,0,46952,48275,95227,151.7789,-32.9267
3148,newcastle,Jan-17,2017,1,371.0,60.0,372.0,63.0,54287,54089,108376,0,0,0,54287,54089,108376,151.7789,-32.9267
3149,newcastle,Jan-18,2018,1,298.0,54.0,280.0,76.0,52052,52721,104773,0,0,0,52052,52721,104773,151.7789,-32.9267
3150,newcastle,Jan-19,2019,1,335.0,60.0,327.0,69.0,53197,53766,106963,1575,1278,2853,54772,55044,109816,151.7789,-32.9267
3151,newcastle,Jan-20,2020,1,269.0,94.0,254.0,113.0,52332,52937,105269,1665,1425,3090,53997,54362,108359,151.7789,-32.9267
3152,newcastle,Jan-21,2021,1,146.0,23.0,154.0,17.0,18498,18060,36558,0,0,0,18498,18060,36558,151.7789,-32.9267
3153,newcastle,Jan-22,2022,1,229.0,38.0,220.0,48.0,26741,27333,54074,0,0,0,26741,27333,54074,151.7789,-32.9267
3154,newcastle,Jan-23,2023,1,287.0,98.0,279.0,109.0,42531,42760,85291,0,0,0,42531,42760,85291,151.7789,-32.9267
3155,newcastle,Jul-04,2004,7,262.0,34.0,256.0,41.0,21960,21188,43148,0,0,0,21960,21188,43148,151.7789,-32.9267
3156,newcastle,Jul-05,2005,7,288.0,53.0,290.0,52.0,33323,33382,66705,0,0,0,33323,33382,66705,151.7789,-32.9267
3157,newcastle,Jul-06,2006,7,289.0,64.0,267.0,87.0,38591,40345,78936,0,0,0,38591,40345,78936,151.7789,-32.9267
3158,newcastle,Jul-07,2007,7,280.0,79.0,294.0,68.0,42365,42245,84610,0,0,0,42365,42245,84610,151.7789,-32.9267
3159,newcastle,Jul-08,2008,7,238.0,83.0,233.0,88.0,51005,51073,102078,0,0,0,51005,51073,102078,151.7789,-32.9267
3160,newcastle,Jul-09,2009,7,361.0,50.0,359.0,53.0,48327,48162,96489,0,0,0,48327,48162,96489,151.7789,-32.9267
3161,newcastle,Jul-10,2010,7,334.0,93.0,330.0,98.0,50443,51540,101983,0,0,0,50443,51540,101983,151.7789,-32.9267
3162,newcastle,Jul-11,2011,7,330.0,71.0,325.0,78.0,50065,50800,100865,0,0,0,50065,50800,100865,151.7789,-32.9267
3163,newcastle,Jul-12,2012,7,302.0,84.0,304.0,82.0,49547,49194,98741,0,0,0,49547,49194,98741,151.7789,-32.9267
3164,newcastle,Jul-13,2013,7,282.0,127.0,311.0,98.0,51960,52133,104093,0,0,0,51960,52133,104093,151.7789,-32.9267
3165,newcastle,Jul-14,2014,7,320.0,77.0,344.0,55.0,50510,51019,101529,0,0,0,50510,51019,101529,151.7789,-32.9267
3166,newcastle,Jul-15,2015,7,334.0,63.0,340.0,57.0,51791,52088,103879,0,0,0,51791,52088,103879,151.7789,-32.9267
3167,newcastle,Jul-16,2016,7,310.0,109.0,321.0,97.0,52867,53175,106042,0,0,0,52867,53175,106042,151.7789,-32.9267
3168,newcastle,Jul-17,2017,7,349.0,60.0,333.0,75.0,54242,54374,108616,0,0,0,54242,54374,108616,151.7789,-32.9267
3169,newcastle,Jul-18,2018,7,264.0,113.0,264.0,114.0,54305,54782,109087,0,0,0,54305,54782,109087,151.7789,-32.9267
3170,newcastle,Jul-19,2019,7,322.0,77.0,304.0,94.0,54497,55290,109787,0,0,0,54497,55290,109787,151.7789,-32.9267
3171,newcastle,Jul-20,2020,7,46.0,6.0,47.0,6.0,7474,8291,15765,0,0,0,7474,8291,15765,151.7789,-32.9267
3172,newcastle,Jul-21,2021,7,131.0,12.0,133.0,8.0,13291,11879,25170,0,0,0,13291,11879,25170,151.7789,-32.9267
3173,newcastle,Jul-22,2022,7,206.0,152.0,193.0,162.0,45478,46645,92123,0,0,0,45478,46645,92123,151.7789,-32.9267
3174,newcastle,Jul-23,2023,7,272.0,130.0,291.0,112.0,51559,52371,103930,0,0,0,51559,52371,103930,151.7789,-32.9267
3175,newcastle,Jun-04,2004,6,120.0,10.0,113.0,15.0,21901,21280,43181,0,0,0,21901,21280,43181,151.7789,-32.9267
3176,newcastle,Jun-05,2005,6,276.0,85.0,257.0,81.0,31073,30437,61510,0,0,0,31073,30437,61510,151.7789,-32.9267
3177,newcastle,Jun-06,2006,6,290.0,47.0,265.0,73.0,34664,34092,68756,0,0,0,34664,34092,68756,151.7789,-32.9267
3178,newcastle,Jun-07,2007,6,275.0,71.0,290.0,55.0,39121,38734,77855,0,0,0,39121,38734,77855,151.7789,-32.9267
3179,newcastle,Jun-08,2008,6,187.0,113.0,194.0,102.0,46656,45395,92051,0,0,0,46656,45395,92051,151.7789,-32.9267
3180,newcastle,Jun-09,2009,6,290.0,77.0,294.0,73.0,43145,41421,84566,0,0,0,43145,41421,84566,151.7789,-32.9267
3181,newcastle,Jun-10,2010,6,292.0,68.0,296.0,64.0,45458,44159,89617,0,0,0,45458,44159,89617,151.7789,-32.9267
3182,newcastle,Jun-11,2011,6,286.0,45.0,280.0,53.0,42562,42876,85438,0,0,0,42562,42876,85438,151.7789,-32.9267
3183,newcastle,Jun-12,2012,6,254.0,93.0,269.0,80.0,45024,45769,90793,0,0,0,45024,45769,90793,151.7789,-32.9267
3184,newcastle,Jun-13,2013,6,236.0,129.0,250.0,117.0,45361,45416,90777,0,0,0,45361,45416,90777,151.7789,-32.9267
3185,newcastle,Jun-14,2014,6,294.0,73.0,303.0,68.0,45169,45097,90266,0,0,0,45169,45097,90266,151.7789,-32.9267
3186,newcastle,Jun-15,2015,6,332.0,40.0,337.0,36.0,45252,45669,90921,0,0,0,45252,45669,90921,151.7789,-32.9267
3187,newcastle,Jun-16,2016,6,314.0,75.0,315.0,74.0,46132,46062,92194,0,0,0,46132,46062,92194,151.7789,-32.9267
3188,newcastle,Jun-17,2017,6,334.0,50.0,328.0,57.0,47872,47860,95732,0,0,0,47872,47860,95732,151.7789,-32.9267
3189,newcastle,Jun-18,2018,6,257.0,82.0,260.0,79.0,47515,47511,95026,0,0,0,47515,47511,95026,151.7789,-32.9267
3190,newcastle,Jun-19,2019,6,316.0,51.0,302.0,64.0,49209,48677,97886,0,0,0,49209,48677,97886,151.7789,-32.9267
3191,newcastle,Jun-21,2021,6,240.0,29.0,232.0,38.0,27885,29026,56911,0,0,0,27885,29026,56911,151.7789,-32.9267
3192,newcastle,Jun-22,2022,6,245.0,119.0,233.0,131.0,43845,43965,87810,0,0,0,43845,43965,87810,151.7789,-32.9267
3193,newcastle,Jun-23,2023,6,285.0,102.0,289.0,102.0,45514,45830,91344,0,0,0,45514,45830,91344,151.7789,-32.9267
3194,newcastle,Mar-04,2004,3,111.0,19.0,102.0,28.0,13669,13696,27365,0,0,0,13669,13696,27365,151.7789,-32.9267
3195,newcastle,Mar-05,2005,3,297.0,59.0,297.0,60.0,31073,30483,61556,0,0,0,31073,30483,61556,151.7789,-32.9267
3196,newcastle,Mar-06,2006,3,315.0,40.0,307.0,49.0,35320,34345,69665,0,0,0,35320,34345,69665,151.7789,-32.9267
3197,newcastle,Mar-07,2007,3,325.0,45.0,329.0,40.0,41605,41215,82820,0,0,0,41605,41215,82820,151.7789,-32.9267
3198,newcastle,Mar-08,2008,3,193.0,52.0,195.0,52.0,45764,45383,91147,0,0,0,45764,45383,91147,151.7789,-32.9267
3199,newcastle,Mar-09,2009,3,324.0,66.0,333.0,58.0,49738,48281,98019,0,0,0,49738,48281,98019,151.7789,-32.9267
3200,newcastle,Mar-10,2010,3,326.0,55.0,330.0,54.0,50078,48621,98699,0,0,0,50078,48621,98699,151.7789,-32.9267
3201,newcastle,Mar-11,2011,3,310.0,107.0,308.0,107.0,50812,51146,101958,0,0,0,50812,51146,101958,151.7789,-32.9267
3202,newcastle,Mar-12,2012,3,266.0,103.0,264.0,106.0,52116,51954,104070,0,0,0,52116,51954,104070,151.7789,-32.9267
3203,newcastle,Mar-13,2013,3,277.0,124.0,307.0,92.0,51331,50302,101633,0,0,0,51331,50302,101633,151.7789,-32.9267
3204,newcastle,Mar-14,2014,3,297.0,88.0,303.0,78.0,50262,50391,100653,0,0,0,50262,50391,100653,151.7789,-32.9267
3205,newcastle,Mar-15,2015,3,315.0,44.0,312.0,48.0,46998,46902,93900,0,0,0,46998,46902,93900,151.7789,-32.9267
3206,newcastle,Mar-16,2016,3,340.0,63.0,352.0,54.0,50766,50326,101092,0,0,0,50766,50326,101092,151.7789,-32.9267
3207,newcastle,Mar-17,2017,3,289.0,105.0,297.0,100.0,51795,52664,104459,0,0,0,51795,52664,104459,151.7789,-32.9267
3208,newcastle,Mar-18,2018,3,297.0,60.0,284.0,75.0,53843,53255,107098,0,0,0,53843,53255,107098,151.7789,-32.9267
3209,newcastle,Mar-19,2019,3,292.0,83.0,278.0,96.0,53342,53523,106865,0,0,0,53342,53523,106865,151.7789,-32.9267
3210,newcastle,Mar-20,2020,3,233.0,45.0,235.0,45.0,31344,30200,61544,0,0,0,31344,30200,61544,151.7789,-32.9267
3211,newcastle,Mar-21,2021,3,242.0,30.0,238.0,36.0,31863,31887,63750,0,0,0,31863,31887,63750,151.7789,-32.9267
3212,newcastle,Mar-22,2022,3,235.0,78.0,226.0,86.0,39436,39485,78921,0,0,0,39436,39485,78921,151.7789,-32.9267
3213,newcastle,Mar-23,2023,3,297.0,114.0,291.0,119.0,47410,47959,95369,0,0,0,47410,47959,95369,151.7789,-32.9267
3214,newcastle,May-04,2004,5,118.0,7.0,109.0,17.0,17736,17631,35367,0,0,0,17736,17631,35367,151.7789,-32.9267
3215,newcastle,May-05,2005,5,309.0,45.0,306.0,48.0,30351,30071,60422,0,0,0,30351,30071,60422,151.7789,-32.9267
3216,newcastle,May-06,2006,5,308.0,48.0,305.0,53.0,36838,35794,72632,0,0,0,36838,35794,72632,151.7789,-32.9267
3217,newcastle,May-07,2007,5,285.0,81.0,297.0,69.0,42566,41834,84400,0,0,0,42566,41834,84400,151.7789,-32.9267
3218,newcastle,May-08,2008,5,186.0,77.0,208.0,56.0,44419,43955,88374,0,0,0,44419,43955,88374,151.7789,-32.9267
3219,newcastle,May-09,2009,5,294.0,80.0,299.0,76.0,47721,47047,94768,0,0,0,47721,47047,94768,151.7789,-32.9267
3220,newcastle,May-10,2010,5,336.0,52.0,333.0,56.0,46530,45764,92294,0,0,0,46530,45764,92294,151.7789,-32.9267
3221,newcastle,May-11,2011,5,284.0,74.0,292.0,71.0,47891,48428,96319,0,0,0,47891,48428,96319,151.7789,-32.9267
3222,newcastle,May-12,2012,5,289.0,74.0,278.0,86.0,49194,49299,98493,0,0,0,49194,49299,98493,151.7789,-32.9267
3223,newcastle,May-13,2013,5,284.0,99.0,292.0,91.0,47199,47472,94671,0,0,0,47199,47472,94671,151.7789,-32.9267
3224,newcastle,May-14,2014,5,342.0,45.0,347.0,37.0,46954,47987,94941,0,0,0,46954,47987,94941,151.7789,-32.9267
3225,newcastle,May-15,2015,5,320.0,54.0,334.0,42.0,46585,46832,93417,0,0,0,46585,46832,93417,151.7789,-32.9267
3226,newcastle,May-16,2016,5,347.0,38.0,347.0,41.0,47968,47961,95929,0,0,0,47968,47961,95929,151.7789,-32.9267
3227,newcastle,May-17,2017,5,339.0,53.0,342.0,50.0,49583,50483,100066,0,0,0,49583,50483,100066,151.7789,-32.9267
3228,newcastle,May-18,2018,5,298.0,59.0,294.0,65.0,51059,50825,101884,0,0,0,51059,50825,101884,151.7789,-32.9267
3229,newcastle,May-19,2019,5,318.0,56.0,315.0,60.0,51067,51398,102465,0,0,0,51067,51398,102465,151.7789,-32.9267
3230,newcastle,May-21,2021,5,295.0,48.0,286.0,54.0,38360,38721,77081,0,0,0,38360,38721,77081,151.7789,-32.9267
3231,newcastle,May-22,2022,5,245.0,164.0,230.0,178.0,46049,46899,92948,0,0,0,46049,46899,92948,151.7789,-32.9267
3232,newcastle,May-23,2023,5,313.0,102.0,314.0,103.0,47200,47583,94783,0,0,0,47200,47583,94783,151.7789,-32.9267
3233,newcastle,Nov-04,2004,11,287.0,37.0,192.0,32.0,25226,24768,49994,0,0,0,25226,24768,49994,151.7789,-32.9267
3234,newcastle,Nov-05,2005,11,300.0,49.0,291.0,58.0,33920,33396,67316,0,0,0,33920,33396,67316,151.7789,-32.9267
3235,newcastle,Nov-06,2006,11,309.0,49.0,310.0,49.0,41627,41781,83408,0,0,0,41627,41781,83408,151.7789,-32.9267
3236,newcastle,Nov-07,2007,11,264.0,97.0,262.0,99.0,45396,45134,90530,0,0,0,45396,45134,90530,151.7789,-32.9267
3237,newcastle,Nov-08,2008,11,300.0,85.0,293.0,91.0,51374,50054,101428,0,0,0,51374,50054,101428,151.7789,-32.9267
3238,newcastle,Nov-09,2009,11,318.0,41.0,313.0,46.0,48469,47832,96301,0,0,0,48469,47832,96301,151.7789,-32.9267
3239,newcastle,Nov-10,2010,11,347.0,80.0,342.0,85.0,53477,54025,107502,0,0,0,53477,54025,107502,151.7789,-32.9267
3240,newcastle,Nov-11,2011,11,270.0,93.0,274.0,92.0,50645,51015,101660,0,0,0,50645,51015,101660,151.7789,-32.9267
3241,newcastle,Nov-12,2012,11,306.0,89.0,303.0,89.0,51326,51672,102998,0,0,0,51326,51672,102998,151.7789,-32.9267
3242,newcastle,Nov-13,2013,11,245.0,146.0,285.0,107.0,54211,53566,107777,0,0,0,54211,53566,107777,151.7789,-32.9267
3243,newcastle,Nov-14,2014,11,281.0,75.0,296.0,60.0,48507,48757,97264,0,0,0,48507,48757,97264,151.7789,-32.9267
3244,newcastle,Nov-15,2015,11,313.0,54.0,300.0,67.0,49346,50066,99412,0,0,0,49346,50066,99412,151.7789,-32.9267
3245,newcastle,Nov-16,2016,11,308.0,81.0,297.0,92.0,52703,53000,105703,0,0,0,52703,53000,105703,151.7789,-32.9267
3246,newcastle,Nov-17,2017,11,312.0,76.0,305.0,84.0,55762,55651,111413,0,0,0,55762,55651,111413,151.7789,-32.9267
3247,newcastle,Nov-18,2018,11,301.0,80.0,295.0,90.0,55787,56252,112039,295,279,574,56082,56531,112613,151.7789,-32.9267
3248,newcastle,Nov-19,2019,11,312.0,65.0,278.0,98.0,55892,55878,111770,265,364,629,56157,56242,112399,151.7789,-32.9267
3249,newcastle,Nov-20,2020,11,99.0,12.0,102.0,13.0,15158,15305,30463,0,0,0,15158,15305,30463,151.7789,-32.9267
3250,newcastle,Nov-21,2021,11,70.0,30.0,78.0,23.0,9886,9765,19651,0,0,0,9886,9765,19651,151.7789,-32.9267
3251,newcastle,Nov-22,2022,11,318.0,88.0,302.0,102.0,47167,47413,94580,0,0,0,47167,47413,94580,151.7789,-32.9267
3252,newcastle,Nov-23,2023,11,250.0,144.0,245.0,150.0,52195,52542,104737,0,0,0,52195,52542,104737,151.7789,-32.9267
3253,newcastle,Oct-04,2004,10,235.0,59.0,236.0,57.0,24541,23801,48342,0,0,0,24541,23801,48342,151.7789,-32.9267
3254,newcastle,Oct-05,2005,10,316.0,38.0,306.0,47.0,35758,35365,71123,0,0,0,35758,35365,71123,151.7789,-32.9267
3255,newcastle,Oct-06,2006,10,315.0,50.0,312.0,55.0,42204,41607,83811,0,0,0,42204,41607,83811,151.7789,-32.9267
3256,newcastle,Oct-07,2007,10,275.0,92.0,271.0,98.0,47252,46777,94029,0,0,0,47252,46777,94029,151.7789,-32.9267
3257,newcastle,Oct-08,2008,10,272.0,94.0,269.0,97.0,54758,53735,108493,0,0,0,54758,53735,108493,151.7789,-32.9267
3258,newcastle,Oct-09,2009,10,335.0,57.0,333.0,59.0,51128,49831,100959,0,0,0,51128,49831,100959,151.7789,-32.9267
3259,newcastle,Oct-10,2010,10,364.0,83.0,368.0,80.0,56398,55577,111975,0,0,0,56398,55577,111975,151.7789,-32.9267
3260,newcastle,Oct-11,2011,10,297.0,92.0,313.0,79.0,54573,54387,108960,0,0,0,54573,54387,108960,151.7789,-32.9267
3261,newcastle,Oct-12,2012,10,297.0,90.0,309.0,81.0,52465,52025,104490,0,0,0,52465,52025,104490,151.7789,-32.9267
3262,newcastle,Oct-13,2013,10,268.0,135.0,290.0,111.0,54572,54561,109133,0,0,0,54572,54561,109133,151.7789,-32.9267
3263,newcastle,Oct-14,2014,10,324.0,60.0,338.0,49.0,53687,53479,107166,0,0,0,53687,53479,107166,151.7789,-32.9267
3264,newcastle,Oct-15,2015,10,330.0,59.0,334.0,53.0,53226,53114,106340,0,0,0,53226,53114,106340,151.7789,-32.9267
3265,newcastle,Oct-16,2016,10,332.0,86.0,326.0,91.0,57411,56414,113825,0,0,0,57411,56414,113825,151.7789,-32.9267
3266,newcastle,Oct-17,2017,10,316.0,90.0,303.0,103.0,58070,58060,116130,0,0,0,58070,58060,116130,151.7789,-32.9267
3267,newcastle,Oct-18,2018,10,297.0,69.0,295.0,71.0,55775,56109,111884,0,0,0,55775,56109,111884,151.7789,-32.9267
3268,newcastle,Oct-19,2019,10,314.0,78.0,308.0,87.0,59321,59179,118500,0,0,0,59321,59179,118500,151.7789,-32.9267
3269,newcastle,Oct-20,2020,10,20.0,2.0,18.0,4.0,1179,914,2093,0,0,0,1179,914,2093,151.7789,-32.9267
3270,newcastle,Oct-21,2021,10,56.0,7.0,56.0,7.0,1504,1372,2876,0,0,0,1504,1372,2876,151.7789,-32.9267
3271,newcastle,Oct-22,2022,10,269.0,114.0,265.0,123.0,49971,48395,98366,0,0,0,49971,48395,98366,151.7789,-32.9267
3272,newcastle,Oct-23,2023,10,297.0,122.0,298.0,123.0,55192,53632,108824,0,0,0,55192,53632,108824,151.7789,-32.9267
3273,newcastle,Sep-04,2004,9,239.0,52.0,239.0,53.0,22435,21940,44375,0,0,0,22435,21940,44375,151.7789,-32.9267
3274,newcastle,Sep-05,2005,9,300.0,45.0,306.0,37.0,34154,34653,68807,0,0,0,34154,34653,68807,151.7789,-32.9267
3275,newcastle,Sep-06,2006,9,301.0,53.0,282.0,71.0,39732,39530,79262,0,0,0,39732,39530,79262,151.7789,-32.9267
3276,newcastle,Sep-07,2007,9,293.0,57.0,293.0,57.0,43484,43409,86893,0,0,0,43484,43409,86893,151.7789,-32.9267
3277,newcastle,Sep-08,2008,9,269.0,85.0,271.0,83.0,49385,49292,98677,0,0,0,49385,49292,98677,151.7789,-32.9267
3278,newcastle,Sep-09,2009,9,339.0,49.0,331.0,55.0,47397,45893,93290,0,0,0,47397,45893,93290,151.7789,-32.9267
3279,newcastle,Sep-10,2010,9,297.0,113.0,285.0,125.0,50720,51415,102135,0,0,0,50720,51415,102135,151.7789,-32.9267
3280,newcastle,Sep-11,2011,9,312.0,73.0,310.0,76.0,50244,51041,101285,0,0,0,50244,51041,101285,151.7789,-32.9267
3281,newcastle,Sep-12,2012,9,262.0,110.0,266.0,106.0,49514,50569,100083,0,0,0,49514,50569,100083,151.7789,-32.9267
3282,newcastle,Sep-13,2013,9,281.0,114.0,287.0,105.0,51392,52515,103907,0,0,0,51392,52515,103907,151.7789,-32.9267
3283,newcastle,Sep-14,2014,9,305.0,75.0,312.0,69.0,49730,50530,100260,0,0,0,49730,50530,100260,151.7789,-32.9267
3284,newcastle,Sep-15,2015,9,338.0,40.0,338.0,41.0,49787,50528,100315,0,0,0,49787,50528,100315,151.7789,-32.9267
3285,newcastle,Sep-16,2016,9,343.0,75.0,355.0,65.0,53555,54507,108062,0,0,0,53555,54507,108062,151.7789,-32.9267
3286,newcastle,Sep-17,2017,9,317.0,74.0,309.0,82.0,54789,55360,110149,0,0,0,54789,55360,110149,151.7789,-32.9267
3287,newcastle,Sep-18,2018,9,280.0,72.0,284.0,68.0,50936,50634,101570,0,0,0,50936,50634,101570,151.7789,-32.9267
3288,newcastle,Sep-19,2019,9,307.0,68.0,304.0,72.0,53249,53411,106660,0,0,0,53249,53411,106660,151.7789,-32.9267
3289,newcastle,Sep-20,2020,9,19.0,2.0,19.0,2.0,812,823,1635,0,0,0,812,823,1635,151.7789,-32.9267
3290,newcastle,Sep-21,2021,9,54.0,2.0,53.0,3.0,831,603,1434,0,0,0,831,603,1434,151.7789,-32.9267
3291,newcastle,Sep-22,2022,9,250.0,119.0,249.0,115.0,45920,47185,93105,0,0,0,45920,47185,93105,151.7789,-32.9267
3292,newcastle,Sep-23,2023,9,289.0,112.0,281.0,118.0,51857,52814,104671,0,0,0,51857,52814,104671,151.7789,-32.9267
3293,perth,Apr-04,2004,4,932.0,108.0,949.0,94.0,185725,184449,370174,71155,77719,148874,256880,262168,519048,115.8605,-31.9505
3294,perth,Apr-05,2005,4,920.0,213.0,921.0,219.0,197287,199144,396431,74527,85781,160308,271814,284925,556739,115.8605,-31.9505
3295,perth,Apr-06,2006,4,1014.0,208.0,1022.0,216.0,223364,223317,446681,79272,89197,168469,302636,312514,615150,115.8605,-31.9505
3296,perth,Apr-07,2007,4,885.0,289.0,911.0,267.0,254351,256080,510431,91680,100841,192521,346031,356921,702952,115.8605,-31.9505
3297,perth,Apr-08,2008,4,938.0,310.0,962.0,297.0,282404,285759,568163,96530,105857,202387,378934,391616,770550,115.8605,-31.9505
3298,perth,Apr-09,2009,4,1585.0,262.0,1561.0,291.0,289319,288945,578264,108813,114652,223465,398132,403597,801729,115.8605,-31.9505
3299,perth,Apr-10,2010,4,1770.0,270.0,1719.0,324.0,302872,302407,605279,120962,123936,244898,423834,426343,850177,115.8605,-31.9505
3300,perth,Apr-11,2011,4,1801.0,332.0,1736.0,390.0,329318,332212,661530,128507,145585,274092,457825,477797,935622,115.8605,-31.9505
3301,perth,Apr-12,2012,4,2071.0,356.0,2078.0,361.0,369818,366259,736077,146446,153732,300178,516264,519991,1036255,115.8605,-31.9505
3302,perth,Apr-13,2013,4,2216.0,331.0,2173.0,376.0,381375,393724,775099,143640,162889,306529,525015,556613,1081628,115.8605,-31.9505
3303,perth,Apr-14,2014,4,2273.0,285.0,2180.0,380.0,381317,385947,767264,174325,184451,358776,555642,570398,1126040,115.8605,-31.9505
3304,perth,Apr-15,2015,4,2224.0,230.0,2169.0,290.0,363209,360074,723283,168302,173956,342258,531511,534030,1065541,115.8605,-31.9505
3305,perth,Apr-16,2016,4,2179.0,200.0,2127.0,240.0,339551,343860,683411,172768,180423,353191,512319,524283,1036602,115.8605,-31.9505
3306,perth,Apr-17,2017,4,2044.0,195.0,2042.0,203.0,335208,333755,668963,185833,193652,379485,521041,527407,1048448,115.8605,-31.9505
3307,perth,Apr-18,2018,4,2042.0,280.0,2052.0,274.0,338271,345743,684014,171396,184847,356243,509667,530590,1040257,115.8605,-31.9505
3308,perth,Apr-19,2019,4,2013.0,359.0,2001.0,368.0,344871,346786,691657,171753,185698,357451,516624,532484,1049108,115.8605,-31.9505
3309,perth,Apr-20,2020,4,330.0,34.0,333.0,26.0,17595,17136,34731,1696,5422,7118,19291,22558,41849,115.8605,-31.9505
3310,perth,Apr-21,2021,4,1284.0,283.0,1237.0,322.0,218279,219323,437602,4569,3900,8469,222848,223223,446071,115.8605,-31.9505
3311,perth,Apr-22,2022,4,1163.0,530.0,1141.0,544.0,280604,273619,554223,49607,50958,100565,330211,324577,654788,115.8605,-31.9505
3312,perth,Apr-23,2023,4,1501.0,608.0,1517.0,588.0,340147,338989,679136,146858,155633,302491,487005,494622,981627,115.8605,-31.9505
3313,perth,Aug-04,2004,8,862.0,195.0,789.0,272.0,186086,185234,371320,73432,72063,145495,259518,257297,516815,115.8605,-31.9505
3314,perth,Aug-05,2005,8,964.0,270.0,896.0,345.0,199641,197631,397272,79714,79578,159292,279355,277209,556564,115.8605,-31.9505
3315,perth,Aug-06,2006,8,1101.0,212.0,1039.0,275.0,225482,226978,452460,80202,76904,157106,305684,303882,609566,115.8605,-31.9505
3316,perth,Aug-07,2007,8,945.0,317.0,942.0,325.0,260685,258443,519128,96078,94491,190569,356763,352934,709697,115.8605,-31.9505
3317,perth,Aug-08,2008,8,957.0,318.0,947.0,328.0,277328,274111,551439,101784,98531,200315,379112,372642,751754,115.8605,-31.9505
3318,perth,Aug-09,2009,8,1509.0,380.0,1265.0,619.0,287863,285473,573336,110726,106906,217632,398589,392379,790968,115.8605,-31.9505
3319,perth,Aug-10,2010,8,1803.0,331.0,1789.0,360.0,308752,304122,612874,124979,124766,249745,433731,428888,862619,115.8605,-31.9505
3320,perth,Aug-11,2011,8,1709.0,498.0,1600.0,611.0,351078,345010,696088,139530,127583,267113,490608,472593,963201,115.8605,-31.9505
3321,perth,Aug-12,2012,8,2062.0,527.0,1863.0,708.0,387883,387138,775021,144289,142521,286810,532172,529659,1061831,115.8605,-31.9505
3322,perth,Aug-13,2013,8,2150.0,440.0,1919.0,656.0,373945,373517,747462,161495,159005,320500,535440,532522,1067962,115.8605,-31.9505
3323,perth,Aug-14,2014,8,2137.0,254.0,2101.0,307.0,361356,358479,719835,163905,166519,330424,525261,524998,1050259,115.8605,-31.9505
3324,perth,Aug-15,2015,8,2211.0,222.0,2162.0,282.0,345804,339311,685115,168066,167076,335142,513870,506387,1020257,115.8605,-31.9505
3325,perth,Aug-16,2016,8,2155.0,282.0,1988.0,442.0,333833,330911,664744,172310,168899,341209,506143,499810,1005953,115.8605,-31.9505
3326,perth,Aug-17,2017,8,2036.0,362.0,1834.0,557.0,329875,328372,658247,174162,171298,345460,504037,499670,1003707,115.8605,-31.9505
3327,perth,Aug-18,2018,8,1908.0,459.0,1677.0,676.0,334133,329291,663424,178516,178586,357102,512649,507877,1020526,115.8605,-31.9505
3328,perth,Aug-19,2019,8,1887.0,414.0,1764.0,519.0,343016,336164,679180,180370,178650,359020,523386,514814,1038200,115.8605,-31.9505
3329,perth,Aug-20,2020,8,535.0,82.0,521.0,96.0,58156,59012,117168,2038,4142,6180,60194,63154,123348,115.8605,-31.9505
3330,perth,Aug-21,2021,8,943.0,139.0,861.0,222.0,136243,132964,269207,2894,2954,5848,139137,135918,275055,115.8605,-31.9505
3331,perth,Aug-22,2022,8,1200.0,858.0,1130.0,925.0,323527,315687,639214,108969,97490,206459,432496,413177,845673,115.8605,-31.9505
3332,perth,Aug-23,2023,8,1573.0,701.0,1386.0,882.0,350137,343829,693966,172116,161123,333239,522253,504952,1027205,115.8605,-31.9505
3333,perth,Dec-04,2004,12,966.0,207.0,1015.0,156.0,197424,191067,388491,91475,96864,188339,288899,287931,576830,115.8605,-31.9505
3334,perth,Dec-05,2005,12,889.0,338.0,782.0,446.0,219252,210340,429592,91838,99663,191501,311090,310003,621093,115.8605,-31.9505
3335,perth,Dec-06,2006,12,909.0,294.0,974.0,234.0,249272,246463,495735,109355,114773,224128,358627,361236,719863,115.8605,-31.9505
3336,perth,Dec-07,2007,12,882.0,376.0,910.0,352.0,277894,274396,552290,113436,127961,241397,391330,402357,793687,115.8605,-31.9505
3337,perth,Dec-08,2008,12,1233.0,536.0,1141.0,622.0,293070,288289,581359,115682,136550,252232,408752,424839,833591,115.8605,-31.9505
3338,perth,Dec-09,2009,12,1798.0,225.0,1773.0,256.0,296308,291384,587692,128445,154911,283356,424753,446295,871048,115.8605,-31.9505
3339,perth,Dec-10,2010,12,1666.0,426.0,1580.0,539.0,334075,328303,662378,132438,165897,298335,466513,494200,960713,115.8605,-31.9505
3340,perth,Dec-11,2011,12,1776.0,392.0,1733.0,442.0,360465,347593,708058,136199,175818,312017,496664,523411,1020075,115.8605,-31.9505
3341,perth,Dec-12,2012,12,1883.0,596.0,1782.0,704.0,380373,379285,759658,150447,196943,347390,530820,576228,1107048,115.8605,-31.9505
3342,perth,Dec-13,2013,12,2222.0,303.0,2095.0,433.0,377892,375327,753219,170531,227348,397879,548423,602675,1151098,115.8605,-31.9505
3343,perth,Dec-14,2014,12,2168.0,292.0,2056.0,412.0,369737,370319,740056,173480,221950,395430,543217,592269,1135486,115.8605,-31.9505
3344,perth,Dec-15,2015,12,2156.0,291.0,2167.0,278.0,366185,364502,730687,177833,225340,403173,544018,589842,1133860,115.8605,-31.9505
3345,perth,Dec-16,2016,12,2026.0,337.0,1934.0,419.0,361956,352837,714793,188630,234209,422839,550586,587046,1137632,115.8605,-31.9505
3346,perth,Dec-17,2017,12,2002.0,361.0,1912.0,441.0,359066,346366,705432,183881,225031,408912,542947,571397,1114344,115.8605,-31.9505
3347,perth,Dec-18,2018,12,1917.0,438.0,1779.0,587.0,353421,336559,689980,187566,230291,417857,540987,566850,1107837,115.8605,-31.9505
3348,perth,Dec-19,2019,12,1882.0,384.0,1830.0,444.0,367525,348759,716284,190795,234238,425033,558320,582997,1141317,115.8605,-31.9505
3349,perth,Dec-20,2020,12,1022.0,235.0,899.0,355.0,163235,140723,303958,4096,3393,7489,167331,144116,311447,115.8605,-31.9505
3350,perth,Dec-21,2021,12,967.0,117.0,906.0,170.0,129919,119443,249362,1660,4936,6596,131579,124379,255958,115.8605,-31.9505
3351,perth,Dec-22,2022,12,1434.0,699.0,1364.0,772.0,346758,326265,673023,132960,165623,298583,479718,491888,971606,115.8605,-31.9505
3352,perth,Feb-04,2004,2,824.0,97.0,838.0,87.0,159092,161941,321033,78288,60862,139150,237380,222803,460183,115.8605,-31.9505
3353,perth,Feb-05,2005,2,901.0,149.0,894.0,156.0,169047,171240,340287,86176,70692,156868,255223,241932,497155,115.8605,-31.9505
3354,perth,Feb-06,2006,2,1069.0,110.0,1081.0,97.0,180765,183329,364094,84447,68749,153196,265212,252078,517290,115.8605,-31.9505
3355,perth,Feb-07,2007,2,910.0,164.0,921.0,156.0,209585,214564,424149,96188,76677,172865,305773,291241,597014,115.8605,-31.9505
3356,perth,Feb-08,2008,2,980.0,207.0,997.0,191.0,247955,254730,502685,110164,85160,195324,358119,339890,698009,115.8605,-31.9505
3357,perth,Feb-09,2009,2,1460.0,194.0,1434.0,222.0,240828,246457,487285,108734,82162,190896,349562,328619,678181,115.8605,-31.9505
3358,perth,Feb-10,2010,2,1672.0,166.0,1618.0,218.0,257710,260696,518406,121055,104937,225992,378765,365633,744398,115.8605,-31.9505
3359,perth,Feb-11,2011,2,1550.0,335.0,1509.0,378.0,274070,276149,550219,132824,109037,241861,406894,385186,792080,115.8605,-31.9505
3360,perth,Feb-12,2012,2,1859.0,237.0,1809.0,292.0,325182,329065,654247,144942,116154,261096,470124,445219,915343,115.8605,-31.9505
3361,perth,Feb-13,2013,2,1853.0,338.0,1785.0,404.0,322002,320456,642458,152007,126370,278377,474009,446826,920835,115.8605,-31.9505
3362,perth,Feb-14,2014,2,2153.0,149.0,2127.0,177.0,323572,327180,650752,165809,138879,304688,489381,466059,955440,115.8605,-31.9505
3363,perth,Feb-15,2015,2,2066.0,153.0,2028.0,201.0,302620,312158,614778,169685,144653,314338,472305,456811,929116,115.8605,-31.9505
3364,perth,Feb-16,2016,2,2172.0,139.0,2132.0,182.0,298463,306771,605234,183022,150969,333991,481485,457740,939225,115.8605,-31.9505
3365,perth,Feb-17,2017,2,1866.0,248.0,1775.0,328.0,281671,288163,569834,181235,146779,328014,462906,434942,897848,115.8605,-31.9505
3366,perth,Feb-18,2018,2,1891.0,214.0,1832.0,261.0,293234,294222,587456,173590,147109,320699,466824,441331,908155,115.8605,-31.9505
3367,perth,Feb-19,2019,2,1915.0,227.0,1816.0,322.0,292431,290188,582619,177469,147449,324918,469900,437637,907537,115.8605,-31.9505
3368,perth,Feb-20,2020,2,1745.0,358.0,1609.0,484.0,297652,300717,598369,169482,135267,304749,467134,435984,903118,115.8605,-31.9505
3369,perth,Feb-21,2021,2,792.0,155.0,776.0,169.0,93691,89784,183475,2249,2109,4358,95940,91893,187833,115.8605,-31.9505
3370,perth,Feb-22,2022,2,798.0,123.0,753.0,171.0,111832,92555,204387,1334,6318,7652,113166,98873,212039,115.8605,-31.9505
3371,perth,Feb-23,2023,2,1400.0,524.0,1403.0,525.0,290466,295779,586245,156832,116727,273559,447298,412506,859804,115.8605,-31.9505
3372,perth,Jan-04,2004,1,936.0,152.0,908.0,184.0,181788,187989,369777,89842,86044,175886,271630,274033,545663,115.8605,-31.9505
3373,perth,Jan-05,2005,1,982.0,185.0,1021.0,144.0,189568,198016,387584,99674,88862,188536,289242,286878,576120,115.8605,-31.9505
3374,perth,Jan-06,2006,1,1005.0,193.0,1039.0,160.0,211048,221539,432587,102499,86673,189172,313547,308212,621759,115.8605,-31.9505
3375,perth,Jan-07,2007,1,1031.0,193.0,1087.0,136.0,244674,253638,498312,116820,99440,216260,361494,353078,714572,115.8605,-31.9505
3376,perth,Jan-08,2008,1,1021.0,274.0,1089.0,209.0,273258,281233,554491,132455,108628,241083,405713,389861,795574,115.8605,-31.9505
3377,perth,Jan-09,2009,1,1568.0,290.0,1623.0,238.0,284420,288108,572528,145541,115339,260880,429961,403447,833408,115.8605,-31.9505
3378,perth,Jan-10,2010,1,1869.0,176.0,1881.0,167.0,286464,288436,574900,162965,132416,295381,449429,420852,870281,115.8605,-31.9505
3379,perth,Jan-11,2011,1,1728.0,371.0,1728.0,372.0,314220,319155,633375,181208,142653,323861,495428,461808,957236,115.8605,-31.9505
3380,perth,Jan-12,2012,1,1914.0,359.0,1870.0,403.0,352760,360850,713610,188945,147847,336792,541705,508697,1050402,115.8605,-31.9505
3381,perth,Jan-13,2013,1,2042.0,475.0,1902.0,615.0,373730,383134,756864,208925,159037,367962,582655,542171,1124826,115.8605,-31.9505
3382,perth,Jan-14,2014,1,2435.0,204.0,2369.0,269.0,373794,384806,758600,244756,188565,433321,618550,573371,1191921,115.8605,-31.9505
3383,perth,Jan-15,2015,1,2124.0,294.0,2146.0,270.0,351624,358420,710044,238626,184382,423008,590250,542802,1133052,115.8605,-31.9505
3384,perth,Jan-16,2016,1,2053.0,306.0,2051.0,310.0,339718,348882,688600,239957,194026,433983,579675,542908,1122583,115.8605,-31.9505
3385,perth,Jan-17,2017,1,2035.0,268.0,2045.0,258.0,337758,352883,690641,239999,196653,436652,577757,549536,1127293,115.8605,-31.9505
3386,perth,Jan-18,2018,1,2026.0,332.0,2018.0,326.0,338970,354520,693490,230724,190208,420932,569694,544728,1114422,115.8605,-31.9505
3387,perth,Jan-19,2019,1,2110.0,282.0,2087.0,288.0,333792,355008,688800,230405,191656,422061,564197,546664,1110861,115.8605,-31.9505
3388,perth,Jan-20,2020,1,1884.0,393.0,1799.0,465.0,336945,359009,695954,238157,204575,442732,575102,563584,1138686,115.8605,-31.9505
3389,perth,Jan-21,2021,1,964.0,194.0,932.0,218.0,119606,135005,254611,2997,2688,5685,122603,137693,260296,115.8605,-31.9505
3390,perth,Jan-22,2022,1,749.0,90.0,721.0,106.0,82324,99652,181976,916,5815,6731,83240,105467,188707,115.8605,-31.9505
3391,perth,Jan-23,2023,1,1589.0,653.0,1613.0,633.0,330336,344735,675071,177450,145653,323103,507786,490388,998174,115.8605,-31.9505
3392,perth,Jul-04,2004,7,842.0,236.0,777.0,307.0,196422,198875,395297,83609,72545,156154,280031,271420,551451,115.8605,-31.9505
3393,perth,Jul-05,2005,7,925.0,288.0,940.0,283.0,203739,204450,408189,94033,79644,173677,297772,284094,581866,115.8605,-31.9505
3394,perth,Jul-06,2006,7,1076.0,218.0,1077.0,216.0,233755,238277,472032,96083,80422,176505,329838,318699,648537,115.8605,-31.9505
3395,perth,Jul-07,2007,7,767.0,472.0,714.0,526.0,262928,272675,535603,118158,96690,214848,381086,369365,750451,115.8605,-31.9505
3396,perth,Jul-08,2008,7,675.0,596.0,660.0,617.0,291354,300383,591737,123325,100960,224285,414679,401343,816022,115.8605,-31.9505
3397,perth,Jul-09,2009,7,1547.0,427.0,1377.0,598.0,300210,303804,604014,128152,112281,240433,428362,416085,844447,115.8605,-31.9505
3398,perth,Jul-10,2010,7,1785.0,344.0,1760.0,364.0,318123,322413,640536,152709,129033,281742,470832,451446,922278,115.8605,-31.9505
3399,perth,Jul-11,2011,7,1603.0,593.0,1563.0,638.0,350500,356774,707274,161562,144998,306560,512062,501772,1013834,115.8605,-31.9505
3400,perth,Jul-12,2012,7,2097.0,513.0,2104.0,514.0,398586,400597,799183,173443,149645,323088,572029,550242,1122271,115.8605,-31.9505
3401,perth,Jul-13,2013,7,2172.0,483.0,2076.0,584.0,398806,412089,810895,187095,169847,356942,585901,581936,1167837,115.8605,-31.9505
3402,perth,Jul-14,2014,7,2070.0,441.0,1992.0,521.0,377458,391848,769306,205965,178812,384777,583423,570660,1154083,115.8605,-31.9505
3403,perth,Jul-15,2015,7,2293.0,275.0,2120.0,443.0,373233,391420,764653,204453,182039,386492,577686,573459,1151145,115.8605,-31.9505
3404,perth,Jul-16,2016,7,1988.0,388.0,1824.0,545.0,345310,359636,704946,217460,185918,403378,562770,545554,1108324,115.8605,-31.9505
3405,perth,Jul-17,2017,7,1907.0,426.0,1673.0,659.0,348994,352709,701703,211701,182304,394005,560695,535013,1095708,115.8605,-31.9505
3406,perth,Jul-18,2018,7,1789.0,607.0,1477.0,920.0,356414,360646,717060,216000,180045,396045,572414,540691,1113105,115.8605,-31.9505
3407,perth,Jul-19,2019,7,1969.0,498.0,1866.0,596.0,362677,370477,733154,203301,180135,383436,565978,550612,1116590,115.8605,-31.9505
3408,perth,Jul-20,2020,7,460.0,91.0,466.0,84.0,53442,55274,108716,2702,3866,6568,56144,59140,115284,115.8605,-31.9505
3409,perth,Jul-21,2021,7,946.0,210.0,791.0,361.0,134985,136530,271515,6570,7980,14550,141555,144510,286065,115.8605,-31.9505
3410,perth,Jul-22,2022,7,905.0,1085.0,767.0,1215.0,331277,332116,663393,106979,99663,206642,438256,431779,870035,115.8605,-31.9505
3411,perth,Jul-23,2023,7,1318.0,836.0,1228.0,928.0,353381,350117,703498,180536,159180,339716,533917,509297,1043214,115.8605,-31.9505
3412,perth,Jun-04,2004,6,840.0,181.0,709.0,322.0,166186,166933,333119,63867,71389,135256,230053,238322,468375,115.8605,-31.9505
3413,perth,Jun-05,2005,6,929.0,216.0,887.0,262.0,177674,178069,355743,75313,86978,162291,252987,265047,518034,115.8605,-31.9505
3414,perth,Jun-06,2006,6,1119.0,122.0,1127.0,127.0,202140,201554,403694,70329,82582,152911,272469,284136,556605,115.8605,-31.9505
3415,perth,Jun-07,2007,6,941.0,232.0,947.0,229.0,230159,228118,458277,85112,100610,185722,315271,328728,643999,115.8605,-31.9505
3416,perth,Jun-08,2008,6,767.0,429.0,805.0,404.0,262804,256716,519520,92915,102743,195658,355719,359459,715178,115.8605,-31.9505
3417,perth,Jun-09,2009,6,1468.0,359.0,1286.0,543.0,263657,260439,524096,98608,114593,213201,362265,375032,737297,115.8605,-31.9505
3418,perth,Jun-10,2010,6,1763.0,251.0,1726.0,288.0,287123,283871,570994,115473,143302,258775,402596,427173,829769,115.8605,-31.9505
3419,perth,Jun-11,2011,6,1544.5,474.5,1462.5,560.5,309801,305518,615319,122825,142806,265631,432626,448324,880950,115.8605,-31.9505
3420,perth,Jun-12,2012,6,1825.0,533.0,1685.0,662.0,360736,354342,715078,134790,154268,289058,495526,508610,1004136,115.8605,-31.9505
3421,perth,Jun-13,2013,6,2065.0,335.0,2038.0,359.0,357261,342828,700089,141523,160898,302421,498784,503726,1002510,115.8605,-31.9505
3422,perth,Jun-14,2014,6,2142.0,246.0,2092.0,311.0,342876,330153,673029,145966,170833,316799,488842,500986,989828,115.8605,-31.9505
3423,perth,Jun-15,2015,6,2266.0,138.0,2231.0,177.0,334331,315818,650149,147906,177716,325622,482237,493534,975771,115.8605,-31.9505
3424,perth,Jun-16,2016,6,1964.0,328.0,1833.0,454.0,319153,317203,636356,153342,186840,340182,472495,504043,976538,115.8605,-31.9505
3425,perth,Jun-17,2017,6,2082.0,169.0,2001.0,239.0,310500,312126,622626,158255,190155,348410,468755,502281,971036,115.8605,-31.9505
3426,perth,Jun-18,2018,6,1856.0,405.0,1721.0,528.0,310124,310390,620514,160492,195155,355647,470616,505545,976161,115.8605,-31.9505
3427,perth,Jun-19,2019,6,1896.0,376.0,1733.0,535.0,315356,306689,622045,155018,180664,335682,470374,487353,957727,115.8605,-31.9505
3428,perth,Jun-20,2020,6,226.0,34.0,213.0,40.0,29887,31756,61643,1652,2469,4121,31539,34225,65764,115.8605,-31.9505
3429,perth,Jun-21,2021,6,1289.0,210.0,1241.0,253.0,203405,200554,403959,6887,6448,13335,210292,207002,417294,115.8605,-31.9505
3430,perth,Jun-22,2022,6,1145.0,851.0,1035.0,966.0,313411,307999,621410,71995,88871,160866,385406,396870,782276,115.8605,-31.9505
3431,perth,Jun-23,2023,6,1393.0,732.0,1294.0,827.0,324425,321743,646168,144937,167385,312322,469362,489128,958490,115.8605,-31.9505
3432,perth,Mar-04,2004,3,988.0,73.0,976.0,90.0,182824,182467,365291,71796,74164,145960,254620,256631,511251,115.8605,-31.9505
3433,perth,Mar-05,2005,3,1000.0,158.0,1001.0,159.0,197973,194731,392704,89020,86186,175206,286993,280917,567910,115.8605,-31.9505
3434,perth,Mar-06,2006,3,1197.0,136.0,1186.0,153.0,215908,216251,432159,77375,80277,157652,293283,296528,589811,115.8605,-31.9505
3435,perth,Mar-07,2007,3,976.0,236.0,977.0,230.0,254300,250966,505266,91010,93496,184506,345310,344462,689772,115.8605,-31.9505
3436,perth,Mar-08,2008,3,1052.0,216.0,1084.0,181.0,280666,274207,554873,104167,102936,207103,384833,377143,761976,115.8605,-31.9505
3437,perth,Mar-09,2009,3,1601.0,289.0,1580.0,309.0,290377,290272,580649,101113,102056,203169,391490,392328,783818,115.8605,-31.9505
3438,perth,Mar-10,2010,3,1813.0,280.0,1784.0,317.0,310802,308441,619243,123514,128335,251849,434316,436776,871092,115.8605,-31.9505
3439,perth,Mar-11,2011,3,1772.0,369.0,1767.0,378.0,330530,331084,661614,123725,124375,248100,454255,455459,909714,115.8605,-31.9505
3440,perth,Mar-12,2012,3,2072.0,357.0,2009.0,409.0,372895,368765,741660,139493,142470,281963,512388,511235,1023623,115.8605,-31.9505
3441,perth,Mar-13,2013,3,2006.0,464.0,1889.0,589.0,381463,380000,761463,151995,151384,303379,533458,531384,1064842,115.8605,-31.9505
3442,perth,Mar-14,2014,3,2344.0,191.0,2289.0,249.0,368083,363511,731594,157118,158112,315230,525201,521623,1046824,115.8605,-31.9505
3443,perth,Mar-15,2015,3,2266.0,224.0,2201.0,307.0,359400,351127,710527,160418,167454,327872,519818,518581,1038399,115.8605,-31.9505
3444,perth,Mar-16,2016,3,2335.0,166.0,2270.0,221.0,351129,344678,695807,169100,174373,343473,520229,519051,1039280,115.8605,-31.9505
3445,perth,Mar-17,2017,3,2113.0,279.0,1989.0,385.0,331242,332208,663450,168813,174935,343748,500055,507143,1007198,115.8605,-31.9505
3446,perth,Mar-18,2018,3,2070.0,303.0,2050.0,314.0,347889,339031,686920,172623,178886,351509,520512,517917,1038429,115.8605,-31.9505
3447,perth,Mar-19,2019,3,2011.0,339.0,1869.0,477.0,327527,324347,651874,163843,169358,333201,491370,493705,985075,115.8605,-31.9505
3448,perth,Mar-20,2020,3,1800.0,234.0,1696.0,339.0,233956,226081,460037,93680,84820,178500,327636,310901,638537,115.8605,-31.9505
3449,perth,Mar-21,2021,3,1225.0,269.0,1108.0,383.0,192521,185740,378261,3573,2357,5930,196094,188097,384191,115.8605,-31.9505
3450,perth,Mar-22,2022,3,1138.0,216.0,1113.0,232.0,199907,187184,387091,26166,19622,45788,226073,206806,432879,115.8605,-31.9505
3451,perth,Mar-23,2023,3,1530.0,663.0,1441.0,743.0,356856,349462,706318,151270,150223,301493,508126,499685,1007811,115.8605,-31.9505
3452,perth,May-04,2004,5,962.0,121.0,957.0,113.0,170806,171814,342620,57656,66660,124316,228462,238474,466936,115.8605,-31.9505
3453,perth,May-05,2005,5,998.0,171.0,977.0,207.0,185490,185585,371075,67369,77161,144530,252859,262746,515605,115.8605,-31.9505
3454,perth,May-06,2006,5,1143.0,147.0,1143.0,151.0,218306,217135,435441,65666,73398,139064,283972,290533,574505,115.8605,-31.9505
3455,perth,May-07,2007,5,999.0,178.0,993.0,183.0,235472,238249,473721,77954,87480,165434,313426,325729,639155,115.8605,-31.9505
3456,perth,May-08,2008,5,917.0,292.0,979.0,235.0,268050,271377,539427,84799,95206,180005,352849,366583,719432,115.8605,-31.9505
3457,perth,May-09,2009,5,1669.0,196.0,1658.0,210.0,273757,276679,550436,91788,105108,196896,365545,381787,747332,115.8605,-31.9505
3458,perth,May-10,2010,5,1873.0,205.0,1803.0,273.0,287923,286187,574110,104309,114443,218752,392232,400630,792862,115.8605,-31.9505
3459,perth,May-11,2011,5,1817.0,367.0,1800.0,384.0,334896,330573,665469,126487,127062,253549,461383,457635,919018,115.8605,-31.9505
3460,perth,May-12,2012,5,1998.0,438.0,1931.0,514.0,368165,369693,737858,123171,135126,258297,491336,504819,996155,115.8605,-31.9505
3461,perth,May-13,2013,5,2288.0,300.0,2156.0,428.0,380024,373231,753255,144424,147124,291548,524448,520355,1044803,115.8605,-31.9505
3462,perth,May-14,2014,5,2276.0,256.0,2074.0,458.0,350939,355327,706266,142723,158400,301123,493662,513727,1007389,115.8605,-31.9505
3463,perth,May-15,2015,5,2197.0,233.0,2115.0,324.0,331242,334104,665346,143271,158138,301409,474513,492242,966755,115.8605,-31.9505
3464,perth,May-16,2016,5,2040.0,253.0,1899.0,401.0,323448,324678,648126,149078,158887,307965,472526,483565,956091,115.8605,-31.9505
3465,perth,May-17,2017,5,2088.0,194.0,2041.0,243.0,318488,324138,642626,155396,165738,321134,473884,489876,963760,115.8605,-31.9505
3466,perth,May-18,2018,5,2139.0,251.0,2121.0,261.0,332088,332706,664794,156686,164906,321592,488774,497612,986386,115.8605,-31.9505
3467,perth,May-19,2019,5,2135.0,310.0,2130.0,302.0,329652,330261,659913,158107,163144,321251,487759,493405,981164,115.8605,-31.9505
3468,perth,May-20,2020,5,143.0,15.0,136.0,13.0,15780,17204,32984,1141,2285,3426,16921,19489,36410,115.8605,-31.9505
3469,perth,May-21,2021,5,1421.0,281.0,1357.0,351.0,225194,227822,453016,5451,6428,11879,230645,234250,464895,115.8605,-31.9505
3470,perth,May-22,2022,5,1215.0,736.0,1144.0,799.0,291176,291762,582938,56675,62118,118793,347851,353880,701731,115.8605,-31.9505
3471,perth,May-23,2023,5,1693.0,514.0,1684.0,527.0,338963,338929,677892,142937,152065,295002,481900,490994,972894,115.8605,-31.9505
3472,perth,Nov-04,2004,11,988.0,172.0,945.0,219.0,189096,189525,378621,84746,78693,163439,273842,268218,542060,115.8605,-31.9505
3473,perth,Nov-05,2005,11,962.0,241.0,955.0,249.0,204604,206082,410686,80761,78913,159674,285365,284995,570360,115.8605,-31.9505
3474,perth,Nov-06,2006,11,979.0,221.0,943.0,245.0,247483,248381,495864,88605,81909,170514,336088,330290,666378,115.8605,-31.9505
3475,perth,Nov-07,2007,11,1026.0,215.0,1070.0,174.0,267972,269282,537254,101676,93373,195049,369648,362655,732303,115.8605,-31.9505
3476,perth,Nov-08,2008,11,1197.0,498.0,1077.0,619.0,280984,283844,564828,104018,98251,202269,385002,382095,767097,115.8605,-31.9505
3477,perth,Nov-09,2009,11,1747.0,183.0,1677.0,258.0,287543,289705,577248,124069,119648,243717,411612,409353,820965,115.8605,-31.9505
3478,perth,Nov-10,2010,11,1784.0,269.0,1765.0,303.0,319379,318384,637763,126434,125609,252043,445813,443993,889806,115.8605,-31.9505
3479,perth,Nov-11,2011,11,1711.0,413.0,1586.0,541.0,358408,357742,716150,137757,132561,270318,496165,490303,986468,115.8605,-31.9505
3480,perth,Nov-12,2012,11,1998.0,464.0,1691.0,785.0,386062,384542,770604,147270,146048,293318,533332,530590,1063922,115.8605,-31.9505
3481,perth,Nov-13,2013,11,2265.0,228.0,2166.0,322.0,363121,362817,725938,156917,153245,310162,520038,516062,1036100,115.8605,-31.9505
3482,perth,Nov-14,2014,11,2055.0,267.0,1947.0,386.0,356660,355399,712059,158386,156950,315336,515046,512349,1027395,115.8605,-31.9505
3483,perth,Nov-15,2015,11,2092.0,294.0,2070.0,328.0,350883,348296,699179,161118,156852,317970,512001,505148,1017149,115.8605,-31.9505
3484,perth,Nov-16,2016,11,2125.0,235.0,2053.0,306.0,336632,340980,677612,168867,172050,340917,505499,513030,1018529,115.8605,-31.9505
3485,perth,Nov-17,2017,11,2063.0,266.0,2014.0,306.0,340894,340217,681111,166263,164421,330684,507157,504638,1011795,115.8605,-31.9505
3486,perth,Nov-18,2018,11,1905.0,444.0,1628.0,705.0,346125,341988,688113,168215,169049,337264,514340,511037,1025377,115.8605,-31.9505
3487,perth,Nov-19,2019,11,1849.0,362.0,1709.0,491.0,348086,343342,691428,180935,176849,357784,529021,520191,1049212,115.8605,-31.9505
3488,perth,Nov-20,2020,11,803.0,100.0,739.0,160.0,104170,101412,205582,3648,2905,6553,107818,104317,212135,115.8605,-31.9505
3489,perth,Nov-21,2021,11,1093.0,165.0,1016.0,235.0,166141,163799,329940,1295,4178,5473,167436,167977,335413,115.8605,-31.9505
3490,perth,Nov-22,2022,11,1347.0,686.0,1142.0,885.0,334653,333409,668062,131657,129121,260778,466310,462530,928840,115.8605,-31.9505
3491,perth,Nov-23,2023,11,1623.0,661.0,1450.0,823.0,373193,369375,742568,168013,169824,337837,541206,539199,1080405,115.8605,-31.9505
3492,perth,Oct-04,2004,10,1022.0,191.0,943.0,268.0,207843,212219,420062,89361,73702,163063,297204,285921,583125,115.8605,-31.9505
3493,perth,Oct-05,2005,10,851.0,374.0,839.0,392.0,217453,217738,435191,97595,71530,169125,315048,289268,604316,115.8605,-31.9505
3494,perth,Oct-06,2006,10,1070.0,186.0,1109.0,135.0,262833,259340,522173,105339,80122,185461,368172,339462,707634,115.8605,-31.9505
3495,perth,Oct-07,2007,10,893.0,382.0,910.0,364.0,285792,288483,574275,122294,91943,214237,408086,380426,788512,115.8605,-31.9505
3496,perth,Oct-08,2008,10,1143.0,440.0,1099.0,486.0,309029,307695,616724,129204,96292,225496,438233,403987,842220,115.8605,-31.9505
3497,perth,Oct-09,2009,10,1792.0,194.0,1714.0,267.0,308512,308055,616567,143712,114485,258197,452224,422540,874764,115.8605,-31.9505
3498,perth,Oct-10,2010,10,1825.0,310.0,1858.0,264.0,334601,336074,670675,159154,123118,282272,493755,459192,952947,115.8605,-31.9505
3499,perth,Oct-11,2011,10,1688.0,434.0,1716.0,406.0,352748,356350,709098,165756,135565,301321,518504,491915,1010419,115.8605,-31.9505
3500,perth,Oct-12,2012,10,2139.0,470.0,2022.0,578.0,413707,419032,832739,183232,146786,330018,596939,565818,1162757,115.8605,-31.9505
3501,perth,Oct-13,2013,10,2272.0,362.0,2150.0,478.0,403993,403832,807825,196425,152043,348468,600418,555875,1156293,115.8605,-31.9505
3502,perth,Oct-14,2014,10,2280.0,266.0,2280.0,269.0,398992,401561,800553,204204,158932,363136,603196,560493,1163689,115.8605,-31.9505
3503,perth,Oct-15,2015,10,2364.0,189.0,2334.0,208.0,376349,371879,748228,201257,159865,361122,577606,531744,1109350,115.8605,-31.9505
3504,perth,Oct-16,2016,10,2080.0,366.0,1913.0,533.0,353502,358906,712408,212243,166592,378835,565745,525498,1091243,115.8605,-31.9505
3505,perth,Oct-17,2017,10,2068.0,333.0,2031.0,367.0,356818,357901,714719,209573,167158,376731,566391,525059,1091450,115.8605,-31.9505
3506,perth,Oct-18,2018,10,2099.0,347.0,2014.0,428.0,367669,363399,731068,199858,160469,360327,567527,523868,1091395,115.8605,-31.9505
3507,perth,Oct-19,2019,10,2030.0,349.0,1924.0,441.0,377209,376475,753684,205797,171561,377358,583006,548036,1131042,115.8605,-31.9505
3508,perth,Oct-20,2020,10,745.0,61.0,740.0,64.0,90005,84295,174300,3497,3203,6700,93502,87498,181000,115.8605,-31.9505
3509,perth,Oct-21,2021,10,1090.0,122.0,1047.0,163.0,159047,153702,312749,1436,3048,4484,160483,156750,317233,115.8605,-31.9505
3510,perth,Oct-22,2022,10,1395.0,646.0,1339.0,713.0,348557,343902,692459,128126,104582,232708,476683,448484,925167,115.8605,-31.9505
3511,perth,Oct-23,2023,10,1710.0,599.0,1677.0,643.0,380166,376282,756448,186428,154767,341195,566594,531049,1097643,115.8605,-31.9505
3512,perth,Sep-04,2004,9,854.0,192.0,813.0,238.0,192867,188619,381486,75466,65991,141457,268333,254610,522943,115.8605,-31.9505
3513,perth,Sep-05,2005,9,889.0,338.0,857.0,376.0,213694,216224,429918,86221,79796,166017,299915,296020,595935,115.8605,-31.9505
3514,perth,Sep-06,2006,9,1106.0,211.0,1113.0,211.0,234665,242285,476950,83593,77106,160699,318258,319391,637649,115.8605,-31.9505
3515,perth,Sep-07,2007,9,916.0,319.0,893.0,345.0,256285,260255,516540,102537,97623,200160,358822,357878,716700,115.8605,-31.9505
3516,perth,Sep-08,2008,9,870.0,428.0,793.0,510.0,279946,279988,559934,104803,102062,206865,384749,382050,766799,115.8605,-31.9505
3517,perth,Sep-09,2009,9,1501.0,372.0,1323.0,553.0,292571,296351,588922,121982,120913,242895,414553,417264,831817,115.8605,-31.9505
3518,perth,Sep-10,2010,9,1774.0,303.0,1792.0,288.0,318333,314362,632695,135453,138472,273925,453786,452834,906620,115.8605,-31.9505
3519,perth,Sep-11,2011,9,1739.0,420.0,1703.0,453.0,346669,345169,691838,140559,144486,285045,487228,489655,976883,115.8605,-31.9505
3520,perth,Sep-12,2012,9,1927.0,563.0,1751.0,741.0,384328,379508,763836,155108,155652,310760,539436,535160,1074596,115.8605,-31.9505
3521,perth,Sep-13,2013,9,2103.0,451.0,1933.0,637.0,373714,373591,747305,166260,169413,335673,539974,543004,1082978,115.8605,-31.9505
3522,perth,Sep-14,2014,9,2216.0,239.0,2188.0,275.0,362782,366423,729205,179961,181406,361367,542743,547829,1090572,115.8605,-31.9505
3523,perth,Sep-15,2015,9,2247.0,211.0,2270.0,194.0,345190,354353,699543,175801,178626,354427,520991,532979,1053970,115.8605,-31.9505
3524,perth,Sep-16,2016,9,2207.0,241.0,2131.0,307.0,345591,347858,693449,187478,191734,379212,533069,539592,1072661,115.8605,-31.9505
3525,perth,Sep-17,2017,9,1912.0,420.0,1803.0,516.0,330208,335505,665713,183141,189091,372232,513349,524596,1037945,115.8605,-31.9505
3526,perth,Sep-18,2018,9,1929.0,377.0,1891.0,413.0,339438,345477,684915,182920,187834,370754,522358,533311,1055669,115.8605,-31.9505
3527,perth,Sep-19,2019,9,1887.0,387.0,1739.0,534.0,339702,339996,679698,180961,185024,365985,520663,525020,1045683,115.8605,-31.9505
3528,perth,Sep-20,2020,9,653.0,60.0,631.0,81.0,78515,75161,153676,2038,2786,4824,80553,77947,158500,115.8605,-31.9505
3529,perth,Sep-21,2021,9,1104.0,108.0,1042.0,174.0,159249,151192,310441,1316,2728,4044,160565,153920,314485,115.8605,-31.9505
3530,perth,Sep-22,2022,9,1325.0,712.0,1318.0,719.0,337380,333644,671024,115510,109928,225438,452890,443572,896462,115.8605,-31.9505
3531,perth,Sep-23,2023,9,1661.0,560.0,1593.0,624.0,351260,350195,701455,172558,172998,345556,523818,523193,1047011,115.8605,-31.9505
3532,proserpine,Apr-09,2009,4,50.0,10.0,52.0,8.0,9051,8963,18014,0,0,0,9051,8963,18014,148.5816,-20.4023
3533,proserpine,Apr-10,2010,4,49.0,10.0,49.0,9.0,8558,8647,17205,0,0,0,8558,8647,17205,148.5816,-20.4023
3534,proserpine,Apr-11,2011,4,46.0,14.0,50.0,10.0,8488,7992,16480,0,0,0,8488,7992,16480,148.5816,-20.4023
3535,proserpine,Apr-12,2012,4,68.0,11.0,64.0,14.0,9609,9807,19416,0,0,0,9609,9807,19416,148.5816,-20.4023
3536,proserpine,Apr-13,2013,4,61.0,19.0,65.0,15.0,9351,9764,19115,0,0,0,9351,9764,19115,148.5816,-20.4023
3537,proserpine,Apr-14,2014,4,76.0,5.0,75.0,6.0,11099,11015,22114,0,0,0,11099,11015,22114,148.5816,-20.4023
3538,proserpine,Apr-15,2015,4,74.0,6.0,74.0,6.0,12229,12530,24759,0,0,0,12229,12530,24759,148.5816,-20.4023
3539,proserpine,Apr-16,2016,4,55.0,4.0,59.0,0.0,13458,13972,27430,0,0,0,13458,13972,27430,148.5816,-20.4023
3540,proserpine,Apr-17,2017,4,71.0,10.0,78.0,3.0,15691,14923,30614,0,0,0,15691,14923,30614,148.5816,-20.4023
3541,proserpine,Apr-18,2018,4,87.0,18.0,91.0,16.0,17833,18279,36112,0,0,0,17833,18279,36112,148.5816,-20.4023
3542,proserpine,Apr-19,2019,4,103.0,12.0,105.0,12.0,19048,18648,37696,0,0,0,19048,18648,37696,148.5816,-20.4023
3543,proserpine,Apr-21,2021,4,60.0,16.0,70.0,5.0,16223,16212,32435,0,0,0,16223,16212,32435,148.5816,-20.4023
3544,proserpine,Apr-22,2022,4,53.0,68.0,79.0,43.0,23962,23356,47318,0,0,0,23962,23356,47318,148.5816,-20.4023
3545,proserpine,Apr-23,2023,4,70.0,51.0,91.0,30.0,24326,24859,49185,0,0,0,24326,24859,49185,148.5816,-20.4023
3546,proserpine,Aug-09,2009,8,55.0,9.0,60.0,4.0,9981,9559,19540,0,0,0,9981,9559,19540,148.5816,-20.4023
3547,proserpine,Aug-10,2010,8,44.0,18.0,46.0,16.0,9331,9217,18548,0,0,0,9331,9217,18548,148.5816,-20.4023
3548,proserpine,Aug-11,2011,8,54.0,9.0,59.0,4.0,9402,9331,18733,0,0,0,9402,9331,18733,148.5816,-20.4023
3549,proserpine,Aug-12,2012,8,69.0,16.0,67.0,18.0,10138,10349,20487,0,0,0,10138,10349,20487,148.5816,-20.4023
3550,proserpine,Aug-13,2013,8,69.0,15.0,75.0,9.0,10085,10227,20312,0,0,0,10085,10227,20312,148.5816,-20.4023
3551,proserpine,Aug-14,2014,8,68.0,15.0,71.0,12.0,11678,11905,23583,0,0,0,11678,11905,23583,148.5816,-20.4023
3552,proserpine,Aug-15,2015,8,75.0,8.0,78.0,5.0,14836,15049,29885,0,0,0,14836,15049,29885,148.5816,-20.4023
3553,proserpine,Aug-16,2016,8,52.0,11.0,52.0,11.0,14357,14671,29028,0,0,0,14357,14671,29028,148.5816,-20.4023
3554,proserpine,Aug-17,2017,8,72.0,7.0,73.0,6.0,19617,19839,39456,0,0,0,19617,19839,39456,148.5816,-20.4023
3555,proserpine,Aug-18,2018,8,91.0,9.0,95.0,6.0,18869,19086,37955,0,0,0,18869,19086,37955,148.5816,-20.4023
3556,proserpine,Aug-19,2019,8,68.0,35.0,82.0,20.0,18760,19214,37974,0,0,0,18760,19214,37974,148.5816,-20.4023
3557,proserpine,Aug-20,2020,8,33.0,12.0,37.0,9.0,6557,6821,13378,0,0,0,6557,6821,13378,148.5816,-20.4023
3558,proserpine,Aug-21,2021,8,51.0,9.0,51.0,9.0,5865,6188,12053,0,0,0,5865,6188,12053,148.5816,-20.4023
3559,proserpine,Aug-22,2022,8,42.0,44.0,56.0,29.0,19834,20075,39909,0,0,0,19834,20075,39909,148.5816,-20.4023
3560,proserpine,Aug-23,2023,8,62.0,31.0,70.0,22.0,21693,22050,43743,0,0,0,21693,22050,43743,148.5816,-20.4023
3561,proserpine,Dec-09,2009,12,58.0,3.0,58.0,3.0,9015,8928,17943,0,0,0,9015,8928,17943,148.5816,-20.4023
3562,proserpine,Dec-10,2010,12,43.0,18.0,45.0,17.0,8927,9023,17950,0,0,0,8927,9023,17950,148.5816,-20.4023
3563,proserpine,Dec-11,2011,12,51.0,11.0,53.0,9.0,8660,8846,17506,0,0,0,8660,8846,17506,148.5816,-20.4023
3564,proserpine,Dec-12,2012,12,67.0,16.0,69.0,14.0,10298,10253,20551,0,0,0,10298,10253,20551,148.5816,-20.4023
3565,proserpine,Dec-13,2013,12,73.0,10.0,74.0,8.0,10679,10922,21601,0,0,0,10679,10922,21601,148.5816,-20.4023
3566,proserpine,Dec-14,2014,12,82.0,3.0,76.0,9.0,12741,12305,25046,0,0,0,12741,12305,25046,148.5816,-20.4023
3567,proserpine,Dec-15,2015,12,63.0,21.0,68.0,16.0,15727,15960,31687,0,0,0,15727,15960,31687,148.5816,-20.4023
3568,proserpine,Dec-16,2016,12,62.0,18.0,67.0,13.0,16488,16274,32762,0,0,0,16488,16274,32762,148.5816,-20.4023
3569,proserpine,Dec-17,2017,12,111.0,19.0,119.0,11.0,22559,22502,45061,0,0,0,22559,22502,45061,148.5816,-20.4023
3570,proserpine,Dec-18,2018,12,75.0,42.0,87.0,31.0,18653,18536,37189,0,0,0,18653,18536,37189,148.5816,-20.4023
3571,proserpine,Dec-19,2019,12,81.0,33.0,93.0,21.0,19715,19276,38991,0,0,0,19715,19276,38991,148.5816,-20.4023
3572,proserpine,Dec-20,2020,12,49.0,23.0,52.0,20.0,14433,13709,28142,0,0,0,14433,13709,28142,148.5816,-20.4023
3573,proserpine,Dec-21,2021,12,83.0,50.0,100.0,34.0,18479,16683,35162,0,0,0,18479,16683,35162,148.5816,-20.4023
3574,proserpine,Dec-22,2022,12,72.0,36.0,78.0,30.0,19622,19108,38730,0,0,0,19622,19108,38730,148.5816,-20.4023
3575,proserpine,Feb-09,2009,2,41.0,12.0,42.0,13.0,8023,8035,16058,0,0,0,8023,8035,16058,148.5816,-20.4023
3576,proserpine,Feb-10,2010,2,44.0,11.0,46.0,9.0,7896,7966,15862,0,0,0,7896,7966,15862,148.5816,-20.4023
3577,proserpine,Feb-11,2011,2,44.0,9.0,42.0,11.0,6418,6268,12686,0,0,0,6418,6268,12686,148.5816,-20.4023
3578,proserpine,Feb-12,2012,2,52.0,8.0,56.0,6.0,6920,7168,14088,0,0,0,6920,7168,14088,148.5816,-20.4023
3579,proserpine,Feb-13,2013,2,41.0,31.0,48.0,24.0,7633,8097,15730,0,0,0,7633,8097,15730,148.5816,-20.4023
3580,proserpine,Feb-14,2014,2,65.0,6.0,65.0,6.0,8002,8286,16288,0,0,0,8002,8286,16288,148.5816,-20.4023
3581,proserpine,Feb-15,2015,2,64.0,8.0,67.0,5.0,10227,10566,20793,0,0,0,10227,10566,20793,148.5816,-20.4023
3582,proserpine,Feb-16,2016,2,63.0,12.0,69.0,5.0,13452,13838,27290,0,0,0,13452,13838,27290,148.5816,-20.4023
3583,proserpine,Feb-17,2017,2,36.0,16.0,42.0,10.0,12029,12292,24321,0,0,0,12029,12292,24321,148.5816,-20.4023
3584,proserpine,Feb-18,2018,2,90.0,17.0,98.0,9.0,18462,18792,37254,0,0,0,18462,18792,37254,148.5816,-20.4023
3585,proserpine,Feb-19,2019,2,70.0,20.0,76.0,14.0,14441,14851,29292,0,0,0,14441,14851,29292,148.5816,-20.4023
3586,proserpine,Feb-20,2020,2,50.0,25.0,62.0,14.0,12850,13192,26042,0,0,0,12850,13192,26042,148.5816,-20.4023
3587,proserpine,Feb-21,2021,2,50.0,6.0,49.0,7.0,10299,10213,20512,0,0,0,10299,10213,20512,148.5816,-20.4023
3588,proserpine,Feb-22,2022,2,47.0,26.0,54.0,18.0,13561,13586,27147,0,0,0,13561,13586,27147,148.5816,-20.4023
3589,proserpine,Feb-23,2023,2,51.0,25.0,58.0,18.0,15250,15730,30980,0,0,0,15250,15730,30980,148.5816,-20.4023
3590,proserpine,Jan-09,2009,1,51.0,11.0,56.0,6.0,9759,10028,19787,0,0,0,9759,10028,19787,148.5816,-20.4023
3591,proserpine,Jan-10,2010,1,54.0,7.0,52.0,9.0,8569,8729,17298,0,0,0,8569,8729,17298,148.5816,-20.4023
3592,proserpine,Jan-11,2011,1,49.0,12.0,54.0,6.0,8548,9026,17574,0,0,0,8548,9026,17574,148.5816,-20.4023
3593,proserpine,Jan-12,2012,1,46.0,15.0,50.0,10.0,8341,9156,17497,0,0,0,8341,9156,17497,148.5816,-20.4023
3594,proserpine,Jan-13,2013,1,51.0,33.0,55.0,28.0,9638,10945,20583,0,0,0,9638,10945,20583,148.5816,-20.4023
3595,proserpine,Jan-14,2014,1,64.0,14.0,70.0,9.0,9634,10866,20500,0,0,0,9634,10866,20500,148.5816,-20.4023
3596,proserpine,Jan-15,2015,1,66.0,17.0,65.0,19.0,11693,13093,24786,0,0,0,11693,13093,24786,148.5816,-20.4023
3597,proserpine,Jan-16,2016,1,71.0,11.0,76.0,6.0,14831,16301,31132,0,0,0,14831,16301,31132,148.5816,-20.4023
3598,proserpine,Jan-17,2017,1,56.0,18.0,63.0,12.0,15556,16081,31637,0,0,0,15556,16081,31637,148.5816,-20.4023
3599,proserpine,Jan-18,2018,1,119.0,15.0,125.0,9.0,21993,22945,44938,0,0,0,21993,22945,44938,148.5816,-20.4023
3600,proserpine,Jan-19,2019,1,91.0,28.0,95.0,25.0,18536,19795,38331,0,0,0,18536,19795,38331,148.5816,-20.4023
3601,proserpine,Jan-20,2020,1,90.0,29.0,95.0,24.0,20126,21409,41535,0,0,0,20126,21409,41535,148.5816,-20.4023
3602,proserpine,Jan-21,2021,1,58.0,12.0,55.0,15.0,11119,12490,23609,0,0,0,11119,12490,23609,148.5816,-20.4023
3603,proserpine,Jan-22,2022,1,99.0,24.0,111.0,12.0,18897,20768,39665,0,0,0,18897,20768,39665,148.5816,-20.4023
3604,proserpine,Jan-23,2023,1,72.0,26.0,81.0,18.0,18209,18825,37034,0,0,0,18209,18825,37034,148.5816,-20.4023
3605,proserpine,Jul-09,2009,7,52.0,10.0,54.0,8.0,9449,9351,18800,0,0,0,9449,9351,18800,148.5816,-20.4023
3606,proserpine,Jul-10,2010,7,41.0,21.0,40.0,22.0,9127,9290,18417,0,0,0,9127,9290,18417,148.5816,-20.4023
3607,proserpine,Jul-11,2011,7,46.0,16.0,49.0,12.0,8846,9327,18173,0,0,0,8846,9327,18173,148.5816,-20.4023
3608,proserpine,Jul-12,2012,7,61.0,23.0,60.0,24.0,10319,11294,21613,0,0,0,10319,11294,21613,148.5816,-20.4023
3609,proserpine,Jul-13,2013,7,51.0,34.0,53.0,32.0,10322,10873,21195,0,0,0,10322,10873,21195,148.5816,-20.4023
3610,proserpine,Jul-14,2014,7,75.0,8.0,77.0,6.0,11761,12275,24036,0,0,0,11761,12275,24036,148.5816,-20.4023
3611,proserpine,Jul-15,2015,7,67.0,19.0,74.0,12.0,15081,15626,30707,0,0,0,15081,15626,30707,148.5816,-20.4023
3612,proserpine,Jul-16,2016,7,41.0,21.0,42.0,20.0,14239,14944,29183,0,0,0,14239,14944,29183,148.5816,-20.4023
3613,proserpine,Jul-17,2017,7,68.0,17.0,69.0,16.0,20625,20398,41023,0,0,0,20625,20398,41023,148.5816,-20.4023
3614,proserpine,Jul-18,2018,7,84.0,27.0,89.0,22.0,19896,20072,39968,0,0,0,19896,20072,39968,148.5816,-20.4023
3615,proserpine,Jul-19,2019,7,92.0,20.0,99.0,14.0,19243,19486,38729,0,0,0,19243,19486,38729,148.5816,-20.4023
3616,proserpine,Jul-20,2020,7,34.0,10.0,38.0,6.0,8432,7792,16224,0,0,0,8432,7792,16224,148.5816,-20.4023
3617,proserpine,Jul-21,2021,7,62.0,11.0,65.0,8.0,10540,12183,22723,0,0,0,10540,12183,22723,148.5816,-20.4023
3618,proserpine,Jul-22,2022,7,36.0,56.0,54.0,36.0,20815,21527,42342,0,0,0,20815,21527,42342,148.5816,-20.4023
3619,proserpine,Jul-23,2023,7,61.0,41.0,75.0,27.0,23681,24606,48287,0,0,0,23681,24606,48287,148.5816,-20.4023
3620,proserpine,Jun-09,2009,6,48.0,12.0,48.0,12.0,8879,8321,17200,0,0,0,8879,8321,17200,148.5816,-20.4023
3621,proserpine,Jun-10,2010,6,39.0,18.0,40.0,16.0,8678,8222,16900,0,0,0,8678,8222,16900,148.5816,-20.4023
3622,proserpine,Jun-11,2011,6,39.0,17.0,44.0,11.0,8128,7868,15996,0,0,0,8128,7868,15996,148.5816,-20.4023
3623,proserpine,Jun-12,2012,6,59.0,16.0,62.0,12.0,9301,9162,18463,0,0,0,9301,9162,18463,148.5816,-20.4023
3624,proserpine,Jun-13,2013,6,43.0,27.0,45.0,24.0,9031,8630,17661,0,0,0,9031,8630,17661,148.5816,-20.4023
3625,proserpine,Jun-14,2014,6,66.0,11.0,70.0,7.0,10204,9879,20083,0,0,0,10204,9879,20083,148.5816,-20.4023
3626,proserpine,Jun-15,2015,6,67.0,10.0,68.0,10.0,11392,10240,21632,0,0,0,11392,10240,21632,148.5816,-20.4023
3627,proserpine,Jun-16,2016,6,44.0,9.0,49.0,4.0,12667,12157,24824,0,0,0,12667,12157,24824,148.5816,-20.4023
3628,proserpine,Jun-17,2017,6,61.0,10.0,64.0,7.0,16820,16200,33020,0,0,0,16820,16200,33020,148.5816,-20.4023
3629,proserpine,Jun-18,2018,6,75.0,21.0,81.0,15.0,15845,15120,30965,0,0,0,15845,15120,30965,148.5816,-20.4023
3630,proserpine,Jun-19,2019,6,74.0,19.0,76.0,17.0,14909,14476,29385,0,0,0,14909,14476,29385,148.5816,-20.4023
3631,proserpine,Jun-21,2021,6,48.0,14.0,55.0,6.0,12513,11710,24223,0,0,0,12513,11710,24223,148.5816,-20.4023
3632,proserpine,Jun-22,2022,6,34.0,55.0,51.0,38.0,19622,18549,38171,0,0,0,19622,18549,38171,148.5816,-20.4023
3633,proserpine,Jun-23,2023,6,66.0,23.0,71.0,18.0,21623,20460,42083,0,0,0,21623,20460,42083,148.5816,-20.4023
3634,proserpine,Mar-09,2009,3,56.0,6.0,56.0,6.0,9231,9060,18291,0,0,0,9231,9060,18291,148.5816,-20.4023
3635,proserpine,Mar-10,2010,3,48.0,10.0,52.0,6.0,8101,7673,15774,0,0,0,8101,7673,15774,148.5816,-20.4023
3636,proserpine,Mar-11,2011,3,43.0,14.0,45.0,12.0,7831,7688,15519,0,0,0,7831,7688,15519,148.5816,-20.4023
3637,proserpine,Mar-12,2012,3,65.0,17.0,66.0,14.0,8938,8905,17843,0,0,0,8938,8905,17843,148.5816,-20.4023
3638,proserpine,Mar-13,2013,3,63.0,18.0,70.0,15.0,8850,8511,17361,0,0,0,8850,8511,17361,148.5816,-20.4023
3639,proserpine,Mar-14,2014,3,64.0,15.0,69.0,10.0,8991,9140,18131,0,0,0,8991,9140,18131,148.5816,-20.4023
3640,proserpine,Mar-15,2015,3,78.0,2.0,75.0,5.0,10755,10474,21229,0,0,0,10755,10474,21229,148.5816,-20.4023
3641,proserpine,Mar-16,2016,3,64.0,12.0,68.0,9.0,14101,13833,27934,0,0,0,14101,13833,27934,148.5816,-20.4023
3642,proserpine,Mar-17,2017,3,37.0,15.0,42.0,9.0,11513,11715,23228,0,0,0,11513,11715,23228,148.5816,-20.4023
3643,proserpine,Mar-18,2018,3,83.0,24.0,89.0,18.0,18620,18345,36965,0,0,0,18620,18345,36965,148.5816,-20.4023
3644,proserpine,Mar-19,2019,3,72.0,29.0,83.0,18.0,16209,16151,32360,0,0,0,16209,16151,32360,148.5816,-20.4023
3645,proserpine,Mar-20,2020,3,50.0,9.0,56.0,3.0,9929,10658,20587,0,0,0,9929,10658,20587,148.5816,-20.4023
3646,proserpine,Mar-21,2021,3,59.0,13.0,55.0,17.0,14453,14016,28469,0,0,0,14453,14016,28469,148.5816,-20.4023
3647,proserpine,Mar-22,2022,3,37.0,49.0,52.0,34.0,17193,16632,33825,0,0,0,17193,16632,33825,148.5816,-20.4023
3648,proserpine,Mar-23,2023,3,77.0,16.0,79.0,14.0,19361,18776,38137,0,0,0,19361,18776,38137,148.5816,-20.4023
3649,proserpine,May-09,2009,5,48.0,14.0,53.0,9.0,8790,8663,17453,0,0,0,8790,8663,17453,148.5816,-20.4023
3650,proserpine,May-10,2010,5,46.0,15.0,49.0,13.0,8348,8171,16519,0,0,0,8348,8171,16519,148.5816,-20.4023
3651,proserpine,May-11,2011,5,47.0,10.0,50.0,6.0,7869,8354,16223,0,0,0,7869,8354,16223,148.5816,-20.4023
3652,proserpine,May-12,2012,5,64.0,12.0,66.0,11.0,8904,8908,17812,0,0,0,8904,8908,17812,148.5816,-20.4023
3653,proserpine,May-13,2013,5,67.0,9.0,60.0,16.0,8365,8543,16908,0,0,0,8365,8543,16908,148.5816,-20.4023
3654,proserpine,May-14,2014,5,74.0,6.0,78.0,2.0,10032,10275,20307,0,0,0,10032,10275,20307,148.5816,-20.4023
3655,proserpine,May-15,2015,5,72.0,7.0,73.0,6.0,10253,10481,20734,0,0,0,10253,10481,20734,148.5816,-20.4023
3656,proserpine,May-16,2016,5,50.0,3.0,49.0,4.0,11882,12342,24224,0,0,0,11882,12342,24224,148.5816,-20.4023
3657,proserpine,May-17,2017,5,63.0,6.0,65.0,3.0,14840,15408,30248,0,0,0,14840,15408,30248,148.5816,-20.4023
3658,proserpine,May-18,2018,5,76.0,17.0,84.0,8.0,15367,15854,31221,0,0,0,15367,15854,31221,148.5816,-20.4023
3659,proserpine,May-19,2019,5,86.0,18.0,93.0,12.0,15733,16071,31804,0,0,0,15733,16071,31804,148.5816,-20.4023
3660,proserpine,May-21,2021,5,43.0,17.0,53.0,7.0,14345,14464,28809,0,0,0,14345,14464,28809,148.5816,-20.4023
3661,proserpine,May-22,2022,5,36.0,54.0,45.0,45.0,18836,18806,37642,0,0,0,18836,18806,37642,148.5816,-20.4023
3662,proserpine,May-23,2023,5,52.0,41.0,73.0,21.0,19845,19781,39626,0,0,0,19845,19781,39626,148.5816,-20.4023
3663,proserpine,Nov-09,2009,11,49.0,10.0,52.0,7.0,9402,9459,18861,0,0,0,9402,9459,18861,148.5816,-20.4023
3664,proserpine,Nov-10,2010,11,37.0,23.0,40.0,20.0,9102,9345,18447,0,0,0,9102,9345,18447,148.5816,-20.4023
3665,proserpine,Nov-11,2011,11,53.0,7.0,53.0,6.0,8801,9178,17979,0,0,0,8801,9178,17979,148.5816,-20.4023
3666,proserpine,Nov-12,2012,11,68.0,14.0,70.0,12.0,10473,11118,21591,0,0,0,10473,11118,21591,148.5816,-20.4023
3667,proserpine,Nov-13,2013,11,54.0,22.0,60.0,17.0,10092,10543,20635,0,0,0,10092,10543,20635,148.5816,-20.4023
3668,proserpine,Nov-14,2014,11,71.0,9.0,74.0,6.0,11784,12206,23990,0,0,0,11784,12206,23990,148.5816,-20.4023
3669,proserpine,Nov-15,2015,11,71.0,11.0,77.0,5.0,14857,15355,30212,0,0,0,14857,15355,30212,148.5816,-20.4023
3670,proserpine,Nov-16,2016,11,46.0,14.0,53.0,7.0,13699,13958,27657,0,0,0,13699,13958,27657,148.5816,-20.4023
3671,proserpine,Nov-17,2017,11,102.0,21.0,104.0,20.0,20533,20773,41306,0,0,0,20533,20773,41306,148.5816,-20.4023
3672,proserpine,Nov-18,2018,11,83.0,22.0,90.0,15.0,17771,18077,35848,0,0,0,17771,18077,35848,148.5816,-20.4023
3673,proserpine,Nov-19,2019,11,83.0,19.0,90.0,12.0,18567,19106,37673,0,0,0,18567,19106,37673,148.5816,-20.4023
3674,proserpine,Nov-20,2020,11,50.0,10.0,52.0,8.0,9820,9923,19743,0,0,0,9820,9923,19743,148.5816,-20.4023
3675,proserpine,Nov-21,2021,11,99.0,30.0,111.0,19.0,13440,13706,27146,0,0,0,13440,13706,27146,148.5816,-20.4023
3676,proserpine,Nov-22,2022,11,55.0,34.0,58.0,30.0,17349,17783,35132,0,0,0,17349,17783,35132,148.5816,-20.4023
3677,proserpine,Nov-23,2023,11,42.0,38.0,64.0,17.0,20686,21159,41845,0,0,0,20686,21159,41845,148.5816,-20.4023
3678,proserpine,Oct-09,2009,10,52.0,9.0,54.0,7.0,9888,9861,19749,0,0,0,9888,9861,19749,148.5816,-20.4023
3679,proserpine,Oct-10,2010,10,42.0,20.0,46.0,16.0,9539,9830,19369,0,0,0,9539,9830,19369,148.5816,-20.4023
3680,proserpine,Oct-11,2011,10,54.0,8.0,56.0,5.0,9297,10130,19427,0,0,0,9297,10130,19427,148.5816,-20.4023
3681,proserpine,Oct-12,2012,10,69.0,16.0,71.0,13.0,10843,11896,22739,0,0,0,10843,11896,22739,148.5816,-20.4023
3682,proserpine,Oct-13,2013,10,66.0,17.0,71.0,12.0,10719,11531,22250,0,0,0,10719,11531,22250,148.5816,-20.4023
3683,proserpine,Oct-14,2014,10,76.0,9.0,77.0,8.0,12509,13521,26030,0,0,0,12509,13521,26030,148.5816,-20.4023
3684,proserpine,Oct-15,2015,10,71.0,12.0,77.0,6.0,15690,16533,32223,0,0,0,15690,16533,32223,148.5816,-20.4023
3685,proserpine,Oct-16,2016,10,53.0,11.0,56.0,8.0,15452,16245,31697,0,0,0,15452,16245,31697,148.5816,-20.4023
3686,proserpine,Oct-17,2017,10,72.0,12.0,73.0,11.0,21185,22462,43647,0,0,0,21185,22462,43647,148.5816,-20.4023
3687,proserpine,Oct-18,2018,10,93.0,30.0,102.0,21.0,20304,21563,41867,0,0,0,20304,21563,41867,148.5816,-20.4023
3688,proserpine,Oct-19,2019,10,78.0,33.0,89.0,21.0,20514,21411,41925,0,0,0,20514,21411,41925,148.5816,-20.4023
3689,proserpine,Oct-20,2020,10,60.0,7.0,63.0,4.0,10239,10590,20829,0,0,0,10239,10590,20829,148.5816,-20.4023
3690,proserpine,Oct-21,2021,10,105.0,21.0,114.0,13.0,13044,13649,26693,0,0,0,13044,13649,26693,148.5816,-20.4023
3691,proserpine,Oct-22,2022,10,67.0,31.0,78.0,19.0,20715,21201,41916,0,0,0,20715,21201,41916,148.5816,-20.4023
3692,proserpine,Oct-23,2023,10,68.0,29.0,81.0,16.0,22646,23837,46483,0,0,0,22646,23837,46483,148.5816,-20.4023
3693,proserpine,Sep-09,2009,9,49.0,12.0,50.0,10.0,9765,9403,19168,0,0,0,9765,9403,19168,148.5816,-20.4023
3694,proserpine,Sep-10,2010,9,30.0,28.0,32.0,25.0,9302,8925,18227,0,0,0,9302,8925,18227,148.5816,-20.4023
3695,proserpine,Sep-11,2011,9,49.0,11.0,53.0,7.0,9391,9255,18646,0,0,0,9391,9255,18646,148.5816,-20.4023
3696,proserpine,Sep-12,2012,9,71.0,9.0,71.0,9.0,10437,10276,20713,0,0,0,10437,10276,20713,148.5816,-20.4023
3697,proserpine,Sep-13,2013,9,69.0,12.0,66.0,15.0,10706,10345,21051,0,0,0,10706,10345,21051,148.5816,-20.4023
3698,proserpine,Sep-14,2014,9,69.0,12.0,73.0,8.0,12473,11757,24230,0,0,0,12473,11757,24230,148.5816,-20.4023
3699,proserpine,Sep-15,2015,9,75.0,5.0,80.0,1.0,15547,14935,30482,0,0,0,15547,14935,30482,148.5816,-20.4023
3700,proserpine,Sep-16,2016,9,52.0,10.0,55.0,7.0,15023,14654,29677,0,0,0,15023,14654,29677,148.5816,-20.4023
3701,proserpine,Sep-17,2017,9,67.0,17.0,75.0,9.0,21317,20693,42010,0,0,0,21317,20693,42010,148.5816,-20.4023
3702,proserpine,Sep-18,2018,9,88.0,22.0,94.0,15.0,19247,19046,38293,0,0,0,19247,19046,38293,148.5816,-20.4023
3703,proserpine,Sep-19,2019,9,83.0,26.0,93.0,16.0,19881,19373,39254,0,0,0,19881,19373,39254,148.5816,-20.4023
3704,proserpine,Sep-20,2020,9,47.0,11.0,48.0,10.0,8761,8067,16828,0,0,0,8761,8067,16828,148.5816,-20.4023
3705,proserpine,Sep-21,2021,9,87.0,7.0,88.0,6.0,12203,11000,23203,0,0,0,12203,11000,23203,148.5816,-20.4023
3706,proserpine,Sep-22,2022,9,53.0,42.0,62.0,32.0,21583,21160,42743,0,0,0,21583,21160,42743,148.5816,-20.4023
3707,proserpine,Sep-23,2023,9,63.0,28.0,75.0,16.0,22448,22349,44797,0,0,0,22448,22349,44797,148.5816,-20.4023
3708,rockhampton,Apr-04,2004,4,140.0,10.0,181.0,19.0,16549,16029,32578,0,0,0,16549,16029,32578,150.5117,-23.375
3709,rockhampton,Apr-05,2005,4,259.0,20.0,279.0,29.0,23590,24187,47777,0,0,0,23590,24187,47777,150.5117,-23.375
3710,rockhampton,Apr-06,2006,4,287.0,40.0,308.0,44.0,23778,23698,47476,0,0,0,23778,23698,47476,150.5117,-23.375
3711,rockhampton,Apr-07,2007,4,266.0,20.0,314.0,19.0,26714,26778,53492,0,0,0,26714,26778,53492,150.5117,-23.375
3712,rockhampton,Apr-08,2008,4,216.0,36.0,233.0,45.0,29768,29009,58777,0,0,0,29768,29009,58777,150.5117,-23.375
3713,rockhampton,Apr-09,2009,4,266.0,54.0,285.0,59.0,29947,30137,60084,0,0,0,29947,30137,60084,150.5117,-23.375
3714,rockhampton,Apr-10,2010,4,331.0,44.0,347.0,49.0,32528,32819,65347,0,0,0,32528,32819,65347,150.5117,-23.375
3715,rockhampton,Apr-11,2011,4,236.0,92.0,249.0,99.0,30645,31000,61645,0,0,0,30645,31000,61645,150.5117,-23.375
3716,rockhampton,Apr-12,2012,4,255.0,78.0,282.0,73.0,29104,28659,57763,0,0,0,29104,28659,57763,150.5117,-23.375
3717,rockhampton,Apr-13,2013,4,303.0,86.0,335.0,81.0,30121,29482,59603,0,0,0,30121,29482,59603,150.5117,-23.375
3718,rockhampton,Apr-14,2014,4,338.0,49.0,361.0,51.0,27499,27452,54951,0,0,0,27499,27452,54951,150.5117,-23.375
3719,rockhampton,Apr-15,2015,4,327.0,54.0,322.0,57.0,26068,26228,52296,0,0,0,26068,26228,52296,150.5117,-23.375
3720,rockhampton,Apr-16,2016,4,335.0,23.0,335.0,21.0,24289,23917,48206,0,0,0,24289,23917,48206,150.5117,-23.375
3721,rockhampton,Apr-17,2017,4,170.0,29.0,164.0,36.0,15131,14976,30107,0,0,0,15131,14976,30107,150.5117,-23.375
3722,rockhampton,Apr-18,2018,4,262.0,40.0,248.0,52.0,21851,21368,43219,0,0,0,21851,21368,43219,150.5117,-23.375
3723,rockhampton,Apr-19,2019,4,281.0,34.0,263.0,48.0,22961,22699,45660,0,0,0,22961,22699,45660,150.5117,-23.375
3724,rockhampton,Apr-20,2020,4,44.0,2.0,47.0,2.0,1234,1271,2505,0,0,0,1234,1271,2505,150.5117,-23.375
3725,rockhampton,Apr-21,2021,4,203.0,27.0,210.0,19.0,18320,18576,36896,0,0,0,18320,18576,36896,150.5117,-23.375
3726,rockhampton,Apr-22,2022,4,126.0,86.0,133.0,79.0,20984,21003,41987,0,0,0,20984,21003,41987,150.5117,-23.375
3727,rockhampton,Apr-23,2023,4,210.0,86.0,202.0,95.0,25915,26023,51938,0,0,0,25915,26023,51938,150.5117,-23.375
3728,rockhampton,Aug-04,2004,8,177.0,25.0,203.0,31.0,22046,22119,44165,0,0,0,22046,22119,44165,150.5117,-23.375
3729,rockhampton,Aug-05,2005,8,319.0,39.0,365.0,22.0,25019,25299,50318,0,0,0,25019,25299,50318,150.5117,-23.375
3730,rockhampton,Aug-06,2006,8,295.0,32.0,323.0,30.0,26988,27594,54582,0,0,0,26988,27594,54582,150.5117,-23.375
3731,rockhampton,Aug-07,2007,8,251.0,50.0,291.0,59.0,28331,28805,57136,0,0,0,28331,28805,57136,150.5117,-23.375
3732,rockhampton,Aug-08,2008,8,246.0,66.0,276.0,61.0,31050,31247,62297,0,0,0,31050,31247,62297,150.5117,-23.375
3733,rockhampton,Aug-09,2009,8,320.0,29.0,330.0,27.0,32895,33046,65941,0,0,0,32895,33046,65941,150.5117,-23.375
3734,rockhampton,Aug-10,2010,8,292.0,73.0,299.0,88.0,32964,33147,66111,0,0,0,32964,33147,66111,150.5117,-23.375
3735,rockhampton,Aug-11,2011,8,267.0,79.0,297.0,72.0,32043,32844,64887,0,0,0,32043,32844,64887,150.5117,-23.375
3736,rockhampton,Aug-12,2012,8,317.0,78.0,350.0,74.0,31761,32897,64658,0,0,0,31761,32897,64658,150.5117,-23.375
3737,rockhampton,Aug-13,2013,8,329.0,70.0,355.0,64.0,30445,31810,62255,0,0,0,30445,31810,62255,150.5117,-23.375
3738,rockhampton,Aug-14,2014,8,337.0,74.0,359.0,72.0,27277,28234,55511,0,0,0,27277,28234,55511,150.5117,-23.375
3739,rockhampton,Aug-15,2015,8,339.0,54.0,347.0,43.0,25644,25817,51461,0,0,0,25644,25817,51461,150.5117,-23.375
3740,rockhampton,Aug-16,2016,8,331.0,40.0,330.0,42.0,25307,25273,50580,0,0,0,25307,25273,50580,150.5117,-23.375
3741,rockhampton,Aug-17,2017,8,269.0,60.0,260.0,69.0,25111,24886,49997,0,0,0,25111,24886,49997,150.5117,-23.375
3742,rockhampton,Aug-18,2018,8,273.0,48.0,258.0,59.0,25001,25028,50029,0,0,0,25001,25028,50029,150.5117,-23.375
3743,rockhampton,Aug-19,2019,8,274.0,48.0,269.0,47.0,24649,25631,50280,0,0,0,24649,25631,50280,150.5117,-23.375
3744,rockhampton,Aug-20,2020,8,130.0,16.0,138.0,11.0,8972,9209,18181,0,0,0,8972,9209,18181,150.5117,-23.375
3745,rockhampton,Aug-21,2021,8,141.0,11.0,144.0,7.0,10187,9910,20097,0,0,0,10187,9910,20097,150.5117,-23.375
3746,rockhampton,Aug-22,2022,8,152.0,93.0,145.0,100.0,22850,22597,45447,0,0,0,22850,22597,45447,150.5117,-23.375
3747,rockhampton,Aug-23,2023,8,229.0,90.0,239.0,86.0,28704,29340,58044,0,0,0,28704,29340,58044,150.5117,-23.375
3748,rockhampton,Dec-04,2004,12,260.0,28.0,283.0,36.0,22393,22206,44599,0,0,0,22393,22206,44599,150.5117,-23.375
3749,rockhampton,Dec-05,2005,12,298.0,32.0,314.0,44.0,22939,23088,46027,0,0,0,22939,23088,46027,150.5117,-23.375
3750,rockhampton,Dec-06,2006,12,232.0,33.0,267.0,37.0,25438,26019,51457,0,0,0,25438,26019,51457,150.5117,-23.375
3751,rockhampton,Dec-07,2007,12,234.0,56.0,259.0,73.0,29155,29169,58324,0,0,0,29155,29169,58324,150.5117,-23.375
3752,rockhampton,Dec-08,2008,12,270.0,52.0,303.0,45.0,29907,30551,60458,0,0,0,29907,30551,60458,150.5117,-23.375
3753,rockhampton,Dec-09,2009,12,294.0,25.0,313.0,29.0,31584,31393,62977,0,0,0,31584,31393,62977,150.5117,-23.375
3754,rockhampton,Dec-10,2010,12,194.0,142.0,204.0,159.0,33991,35451,69442,0,0,0,33991,35451,69442,150.5117,-23.375
3755,rockhampton,Dec-11,2011,12,226.0,102.0,258.0,92.0,29789,31185,60974,0,0,0,29789,31185,60974,150.5117,-23.375
3756,rockhampton,Dec-12,2012,12,323.0,64.0,331.0,69.0,28130,29566,57696,0,0,0,28130,29566,57696,150.5117,-23.375
3757,rockhampton,Dec-13,2013,12,312.0,74.0,342.0,67.0,27947,29145,57092,0,0,0,27947,29145,57092,150.5117,-23.375
3758,rockhampton,Dec-14,2014,12,304.0,88.0,325.0,89.0,25108,25809,50917,0,0,0,25108,25809,50917,150.5117,-23.375
3759,rockhampton,Dec-15,2015,12,303.0,50.0,316.0,37.0,24365,24938,49303,0,0,0,24365,24938,49303,150.5117,-23.375
3760,rockhampton,Dec-16,2016,12,314.0,50.0,312.0,51.0,25262,25852,51114,0,0,0,25262,25852,51114,150.5117,-23.375
3761,rockhampton,Dec-17,2017,12,230.0,55.0,230.0,60.0,22595,22644,45239,0,0,0,22595,22644,45239,150.5117,-23.375
3762,rockhampton,Dec-18,2018,12,233.0,80.0,234.0,76.0,21740,22711,44451,0,0,0,21740,22711,44451,150.5117,-23.375
3763,rockhampton,Dec-19,2019,12,237.0,66.0,244.0,55.0,23304,23822,47126,0,0,0,23304,23822,47126,150.5117,-23.375
3764,rockhampton,Dec-20,2020,12,153.0,64.0,172.0,49.0,16667,16649,33316,0,0,0,16667,16649,33316,150.5117,-23.375
3765,rockhampton,Dec-21,2021,12,235.0,22.0,213.0,44.0,18646,18401,37047,0,0,0,18646,18401,37047,150.5117,-23.375
3766,rockhampton,Dec-22,2022,12,215.0,78.0,201.0,93.0,20503,21265,41768,0,0,0,20503,21265,41768,150.5117,-23.375
3767,rockhampton,Feb-04,2004,2,139.0,5.0,181.0,11.0,15042,14973,30015,0,0,0,15042,14973,30015,150.5117,-23.375
3768,rockhampton,Feb-05,2005,2,244.0,19.0,269.0,23.0,20944,21034,41978,0,0,0,20944,21034,41978,150.5117,-23.375
3769,rockhampton,Feb-06,2006,2,285.0,14.0,301.0,25.0,20867,21028,41895,0,0,0,20867,21028,41895,150.5117,-23.375
3770,rockhampton,Feb-07,2007,2,241.0,22.0,267.0,36.0,22162,22314,44476,0,0,0,22162,22314,44476,150.5117,-23.375
3771,rockhampton,Feb-08,2008,2,134.0,74.0,146.0,85.0,25944,25724,51668,0,0,0,25944,25724,51668,150.5117,-23.375
3772,rockhampton,Feb-09,2009,2,234.0,38.0,252.0,41.0,26096,26052,52148,0,0,0,26096,26052,52148,150.5117,-23.375
3773,rockhampton,Feb-10,2010,2,260.0,45.0,272.0,52.0,28848,29279,58127,0,0,0,28848,29279,58127,150.5117,-23.375
3774,rockhampton,Feb-11,2011,2,234.0,66.0,249.0,73.0,24652,25149,49801,0,0,0,24652,25149,49801,150.5117,-23.375
3775,rockhampton,Feb-12,2012,2,266.0,68.0,293.0,60.0,27803,28135,55938,0,0,0,27803,28135,55938,150.5117,-23.375
3776,rockhampton,Feb-13,2013,2,267.0,82.0,264.0,95.0,23351,23878,47229,0,0,0,23351,23878,47229,150.5117,-23.375
3777,rockhampton,Feb-14,2014,2,324.0,33.0,343.0,34.0,23180,23684,46864,0,0,0,23180,23684,46864,150.5117,-23.375
3778,rockhampton,Feb-15,2015,2,272.0,48.0,295.0,44.0,19713,19899,39612,0,0,0,19713,19899,39612,150.5117,-23.375
3779,rockhampton,Feb-16,2016,2,327.0,29.0,330.0,27.0,21204,20977,42181,0,0,0,21204,20977,42181,150.5117,-23.375
3780,rockhampton,Feb-17,2017,2,296.0,31.0,297.0,31.0,21090,20902,41992,0,0,0,21090,20902,41992,150.5117,-23.375
3781,rockhampton,Feb-18,2018,2,204.0,49.0,197.0,59.0,19329,19416,38745,0,0,0,19329,19416,38745,150.5117,-23.375
3782,rockhampton,Feb-19,2019,2,251.0,45.0,242.0,51.0,20247,20267,40514,0,0,0,20247,20267,40514,150.5117,-23.375
3783,rockhampton,Feb-20,2020,2,240.0,59.0,221.0,72.0,20718,20712,41430,0,0,0,20718,20712,41430,150.5117,-23.375
3784,rockhampton,Feb-21,2021,2,145.0,29.0,150.0,24.0,14433,14563,28996,0,0,0,14433,14563,28996,150.5117,-23.375
3785,rockhampton,Feb-22,2022,2,138.0,30.0,130.0,39.0,13441,13612,27053,0,0,0,13441,13612,27053,150.5117,-23.375
3786,rockhampton,Feb-23,2023,2,200.0,70.0,189.0,85.0,19787,20157,39944,0,0,0,19787,20157,39944,150.5117,-23.375
3787,rockhampton,Jan-04,2004,1,147.0,8.0,172.0,19.0,14737,14887,29624,0,0,0,14737,14887,29624,150.5117,-23.375
3788,rockhampton,Jan-05,2005,1,267.0,13.0,285.0,27.0,20922,21799,42721,0,0,0,20922,21799,42721,150.5117,-23.375
3789,rockhampton,Jan-06,2006,1,268.0,24.0,296.0,29.0,21485,21576,43061,0,0,0,21485,21576,43061,150.5117,-23.375
3790,rockhampton,Jan-07,2007,1,225.0,16.0,258.0,23.0,23213,23129,46342,0,0,0,23213,23129,46342,150.5117,-23.375
3791,rockhampton,Jan-08,2008,1,210.0,60.0,205.0,93.0,26811,26706,53517,0,0,0,26811,26706,53517,150.5117,-23.375
3792,rockhampton,Jan-09,2009,1,246.0,39.0,283.0,34.0,27838,27816,55654,0,0,0,27838,27816,55654,150.5117,-23.375
3793,rockhampton,Jan-10,2010,1,245.0,28.0,267.0,28.0,28140,27337,55477,0,0,0,28140,27337,55477,150.5117,-23.375
3794,rockhampton,Jan-11,2011,1,50.0,17.0,58.0,16.0,5269,5116,10385,0,0,0,5269,5116,10385,150.5117,-23.375
3795,rockhampton,Jan-12,2012,1,237.0,63.0,253.0,74.0,28848,26683,55531,0,0,0,28848,26683,55531,150.5117,-23.375
3796,rockhampton,Jan-13,2013,1,267.0,101.0,280.0,98.0,26053,25068,51121,0,0,0,26053,25068,51121,150.5117,-23.375
3797,rockhampton,Jan-14,2014,1,318.0,49.0,339.0,52.0,25175,24038,49213,0,0,0,25175,24038,49213,150.5117,-23.375
3798,rockhampton,Jan-15,2015,1,339.0,53.0,359.0,59.0,23029,21618,44647,0,0,0,23029,21618,44647,150.5117,-23.375
3799,rockhampton,Jan-16,2016,1,284.0,35.0,282.0,39.0,20585,19538,40123,0,0,0,20585,19538,40123,150.5117,-23.375
3800,rockhampton,Jan-17,2017,1,267.0,39.0,267.0,39.0,21665,20165,41830,0,0,0,21665,20165,41830,150.5117,-23.375
3801,rockhampton,Jan-18,2018,1,252.0,25.0,253.0,31.0,21014,19404,40418,0,0,0,21014,19404,40418,150.5117,-23.375
3802,rockhampton,Jan-19,2019,1,290.0,24.0,282.0,28.0,21021,19909,40930,0,0,0,21021,19909,40930,150.5117,-23.375
3803,rockhampton,Jan-20,2020,1,256.0,52.0,250.0,57.0,21682,20775,42457,0,0,0,21682,20775,42457,150.5117,-23.375
3804,rockhampton,Jan-21,2021,1,172.0,24.0,181.0,16.0,12142,12504,24646,0,0,0,12142,12504,24646,150.5117,-23.375
3805,rockhampton,Jan-22,2022,1,184.0,19.0,181.0,23.0,12526,12465,24991,0,0,0,12526,12465,24991,150.5117,-23.375
3806,rockhampton,Jan-23,2023,1,231.0,69.0,206.0,97.0,19410,18552,37962,0,0,0,19410,18552,37962,150.5117,-23.375
3807,rockhampton,Jul-04,2004,7,176.0,27.0,205.0,29.0,21796,21614,43410,0,0,0,21796,21614,43410,150.5117,-23.375
3808,rockhampton,Jul-05,2005,7,309.0,40.0,335.0,45.0,24747,25214,49961,0,0,0,24747,25214,49961,150.5117,-23.375
3809,rockhampton,Jul-06,2006,7,292.0,31.0,306.0,42.0,28168,28045,56213,0,0,0,28168,28045,56213,150.5117,-23.375
3810,rockhampton,Jul-07,2007,7,279.0,26.0,322.0,31.0,29849,29472,59321,0,0,0,29849,29472,59321,150.5117,-23.375
3811,rockhampton,Jul-08,2008,7,212.0,96.0,224.0,114.0,30572,30501,61073,0,0,0,30572,30501,61073,150.5117,-23.375
3812,rockhampton,Jul-09,2009,7,278.0,65.0,307.0,61.0,33870,34180,68050,0,0,0,33870,34180,68050,150.5117,-23.375
3813,rockhampton,Jul-10,2010,7,287.0,83.0,299.0,92.0,32566,32375,64941,0,0,0,32566,32375,64941,150.5117,-23.375
3814,rockhampton,Jul-11,2011,7,250.0,94.0,284.0,80.0,33714,33198,66912,0,0,0,33714,33198,66912,150.5117,-23.375
3815,rockhampton,Jul-12,2012,7,291.0,88.0,309.0,94.0,33126,32867,65993,0,0,0,33126,32867,65993,150.5117,-23.375
3816,rockhampton,Jul-13,2013,7,290.0,126.0,326.0,108.0,32536,32135,64671,0,0,0,32536,32135,64671,150.5117,-23.375
3817,rockhampton,Jul-14,2014,7,335.0,84.0,367.0,76.0,29036,29421,58457,0,0,0,29036,29421,58457,150.5117,-23.375
3818,rockhampton,Jul-15,2015,7,344.0,54.0,350.0,51.0,27714,28588,56302,0,0,0,27714,28588,56302,150.5117,-23.375
3819,rockhampton,Jul-16,2016,7,304.0,74.0,305.0,73.0,25130,25466,50596,0,0,0,25130,25466,50596,150.5117,-23.375
3820,rockhampton,Jul-17,2017,7,236.0,89.0,227.0,99.0,26291,26769,53060,0,0,0,26291,26769,53060,150.5117,-23.375
3821,rockhampton,Jul-18,2018,7,244.0,73.0,223.0,90.0,23750,23741,47491,0,0,0,23750,23741,47491,150.5117,-23.375
3822,rockhampton,Jul-19,2019,7,255.0,79.0,256.0,74.0,27086,27017,54103,0,0,0,27086,27017,54103,150.5117,-23.375
3823,rockhampton,Jul-20,2020,7,100.0,11.0,110.0,6.0,8535,8745,17280,0,0,0,8535,8745,17280,150.5117,-23.375
3824,rockhampton,Jul-21,2021,7,229.0,27.0,236.0,20.0,15748,16180,31928,0,0,0,15748,16180,31928,150.5117,-23.375
3825,rockhampton,Jul-22,2022,7,139.0,114.0,120.0,137.0,22938,22747,45685,0,0,0,22938,22747,45685,150.5117,-23.375
3826,rockhampton,Jul-23,2023,7,189.0,114.0,203.0,102.0,30335,29536,59871,0,0,0,30335,29536,59871,150.5117,-23.375
3827,rockhampton,Jun-04,2004,6,181.0,17.0,212.0,15.0,21319,21220,42539,0,0,0,21319,21220,42539,150.5117,-23.375
3828,rockhampton,Jun-05,2005,6,289.0,55.0,306.0,69.0,25616,25624,51240,0,0,0,25616,25624,51240,150.5117,-23.375
3829,rockhampton,Jun-06,2006,6,280.0,43.0,296.0,54.0,26313,26828,53141,0,0,0,26313,26828,53141,150.5117,-23.375
3830,rockhampton,Jun-07,2007,6,231.0,60.0,257.0,77.0,28741,28886,57627,0,0,0,28741,28886,57627,150.5117,-23.375
3831,rockhampton,Jun-08,2008,6,216.0,66.0,238.0,66.0,29261,28768,58029,0,0,0,29261,28768,58029,150.5117,-23.375
3832,rockhampton,Jun-09,2009,6,250.0,69.0,269.0,74.0,31158,30900,62058,0,0,0,31158,30900,62058,150.5117,-23.375
3833,rockhampton,Jun-10,2010,6,300.0,58.0,319.0,62.0,31776,31936,63712,0,0,0,31776,31936,63712,150.5117,-23.375
3834,rockhampton,Jun-11,2011,6,272.0,62.0,297.0,60.0,31658,32006,63664,0,0,0,31658,32006,63664,150.5117,-23.375
3835,rockhampton,Jun-12,2012,6,283.0,71.0,295.0,81.0,30958,31209,62167,0,0,0,30958,31209,62167,150.5117,-23.375
3836,rockhampton,Jun-13,2013,6,276.0,105.0,303.0,100.0,28477,28416,56893,0,0,0,28477,28416,56893,150.5117,-23.375
3837,rockhampton,Jun-14,2014,6,309.0,82.0,327.0,89.0,27393,27278,54671,0,0,0,27393,27278,54671,150.5117,-23.375
3838,rockhampton,Jun-15,2015,6,320.0,52.0,328.0,50.0,26538,26217,52755,0,0,0,26538,26217,52755,150.5117,-23.375
3839,rockhampton,Jun-16,2016,6,328.0,44.0,326.0,48.0,24694,24846,49540,0,0,0,24694,24846,49540,150.5117,-23.375
3840,rockhampton,Jun-17,2017,6,267.0,48.0,273.0,43.0,24567,23905,48472,0,0,0,24567,23905,48472,150.5117,-23.375
3841,rockhampton,Jun-18,2018,6,239.0,62.0,213.0,83.0,22731,23045,45776,0,0,0,22731,23045,45776,150.5117,-23.375
3842,rockhampton,Jun-19,2019,6,281.0,33.0,259.0,51.0,23208,22846,46054,0,0,0,23208,22846,46054,150.5117,-23.375
3843,rockhampton,Jun-20,2020,6,50.0,6.0,54.0,4.0,4595,4698,9293,0,0,0,4595,4698,9293,150.5117,-23.375
3844,rockhampton,Jun-21,2021,6,188.0,59.0,197.0,54.0,19783,19784,39567,0,0,0,19783,19784,39567,150.5117,-23.375
3845,rockhampton,Jun-22,2022,6,161.0,95.0,156.0,107.0,22499,22892,45391,0,0,0,22499,22892,45391,150.5117,-23.375
3846,rockhampton,Jun-23,2023,6,201.0,107.0,225.0,83.0,28019,28025,56044,0,0,0,28019,28025,56044,150.5117,-23.375
3847,rockhampton,Mar-04,2004,3,147.0,8.0,187.0,22.0,17032,16785,33817,0,0,0,17032,16785,33817,150.5117,-23.375
3848,rockhampton,Mar-05,2005,3,260.0,25.0,288.0,26.0,24137,24622,48759,0,0,0,24137,24622,48759,150.5117,-23.375
3849,rockhampton,Mar-06,2006,3,294.0,47.0,309.0,60.0,24042,24671,48713,0,0,0,24042,24671,48713,150.5117,-23.375
3850,rockhampton,Mar-07,2007,3,272.0,29.0,308.0,42.0,25620,26294,51914,0,0,0,25620,26294,51914,150.5117,-23.375
3851,rockhampton,Mar-08,2008,3,194.0,43.0,209.0,55.0,30222,29579,59801,0,0,0,30222,29579,59801,150.5117,-23.375
3852,rockhampton,Mar-09,2009,3,279.0,46.0,297.0,52.0,30613,30615,61228,0,0,0,30613,30615,61228,150.5117,-23.375
3853,rockhampton,Mar-10,2010,3,308.0,26.0,343.0,15.0,31683,31492,63175,0,0,0,31683,31492,63175,150.5117,-23.375
3854,rockhampton,Mar-11,2011,3,255.0,93.0,276.0,94.0,31111,31167,62278,0,0,0,31111,31167,62278,150.5117,-23.375
3855,rockhampton,Mar-12,2012,3,290.0,87.0,317.0,82.0,31965,32723,64688,0,0,0,31965,32723,64688,150.5117,-23.375
3856,rockhampton,Mar-13,2013,3,297.0,97.0,329.0,89.0,29902,30033,59935,0,0,0,29902,30033,59935,150.5117,-23.375
3857,rockhampton,Mar-14,2014,3,328.0,75.0,338.0,88.0,27884,27840,55724,0,0,0,27884,27840,55724,150.5117,-23.375
3858,rockhampton,Mar-15,2015,3,357.0,51.0,383.0,46.0,27755,27804,55559,0,0,0,27755,27804,55559,150.5117,-23.375
3859,rockhampton,Mar-16,2016,3,340.0,31.0,335.0,37.0,23995,24732,48727,0,0,0,23995,24732,48727,150.5117,-23.375
3860,rockhampton,Mar-17,2017,3,284.0,64.0,275.0,72.0,24218,25245,49463,0,0,0,24218,25245,49463,150.5117,-23.375
3861,rockhampton,Mar-18,2018,3,241.0,53.0,223.0,72.0,23895,23665,47560,0,0,0,23895,23665,47560,150.5117,-23.375
3862,rockhampton,Mar-19,2019,3,245.0,80.0,228.0,93.0,23204,23353,46557,0,0,0,23204,23353,46557,150.5117,-23.375
3863,rockhampton,Mar-20,2020,3,229.0,33.0,216.0,43.0,16383,15076,31459,0,0,0,16383,15076,31459,150.5117,-23.375
3864,rockhampton,Mar-21,2021,3,189.0,36.0,182.0,43.0,18678,18454,37132,0,0,0,18678,18454,37132,150.5117,-23.375
3865,rockhampton,Mar-22,2022,3,173.0,44.0,168.0,49.0,18543,19039,37582,0,0,0,18543,19039,37582,150.5117,-23.375
3866,rockhampton,Mar-23,2023,3,234.0,76.0,224.0,86.0,26024,26325,52349,0,0,0,26024,26325,52349,150.5117,-23.375
3867,rockhampton,May-04,2004,5,171.0,9.0,211.0,10.0,18982,18478,37460,0,0,0,18982,18478,37460,150.5117,-23.375
3868,rockhampton,May-05,2005,5,263.0,27.0,289.0,32.0,24163,24398,48561,0,0,0,24163,24398,48561,150.5117,-23.375
3869,rockhampton,May-06,2006,5,349.0,12.0,374.0,15.0,25998,26281,52279,0,0,0,25998,26281,52279,150.5117,-23.375
3870,rockhampton,May-07,2007,5,277.0,25.0,321.0,29.0,29005,29021,58026,0,0,0,29005,29021,58026,150.5117,-23.375
3871,rockhampton,May-08,2008,5,251.0,28.0,267.0,40.0,29450,29008,58458,0,0,0,29450,29008,58458,150.5117,-23.375
3872,rockhampton,May-09,2009,5,305.0,28.0,319.0,35.0,32044,32158,64202,0,0,0,32044,32158,64202,150.5117,-23.375
3873,rockhampton,May-10,2010,5,320.0,50.0,340.0,52.0,31609,31994,63603,0,0,0,31609,31994,63603,150.5117,-23.375
3874,rockhampton,May-11,2011,5,270.0,72.0,292.0,74.0,32375,31886,64261,0,0,0,32375,31886,64261,150.5117,-23.375
3875,rockhampton,May-12,2012,5,310.0,69.0,345.0,59.0,32553,33000,65553,0,0,0,32553,33000,65553,150.5117,-23.375
3876,rockhampton,May-13,2013,5,339.0,67.0,357.0,71.0,28301,29182,57483,0,0,0,28301,29182,57483,150.5117,-23.375
3877,rockhampton,May-14,2014,5,351.0,67.0,379.0,59.0,27343,28383,55726,0,0,0,27343,28383,55726,150.5117,-23.375
3878,rockhampton,May-15,2015,5,331.0,66.0,344.0,52.0,27726,28056,55782,0,0,0,27726,28056,55782,150.5117,-23.375
3879,rockhampton,May-16,2016,5,356.0,23.0,356.0,24.0,25201,25046,50247,0,0,0,25201,25046,50247,150.5117,-23.375
3880,rockhampton,May-17,2017,5,265.0,54.0,272.0,47.0,24313,24516,48829,0,0,0,24313,24516,48829,150.5117,-23.375
3881,rockhampton,May-18,2018,5,304.0,33.0,291.0,40.0,26196,25796,51992,0,0,0,26196,25796,51992,150.5117,-23.375
3882,rockhampton,May-19,2019,5,295.0,37.0,285.0,43.0,24496,24526,49022,0,0,0,24496,24526,49022,150.5117,-23.375
3883,rockhampton,May-20,2020,5,23.0,4.0,25.0,1.0,2071,2088,4159,0,0,0,2071,2088,4159,150.5117,-23.375
3884,rockhampton,May-21,2021,5,186.0,56.0,197.0,46.0,21818,21819,43637,0,0,0,21818,21819,43637,150.5117,-23.375
3885,rockhampton,May-22,2022,5,153.0,94.0,158.0,91.0,22452,22360,44812,0,0,0,22452,22360,44812,150.5117,-23.375
3886,rockhampton,May-23,2023,5,243.0,82.0,227.0,100.0,28156,28295,56451,0,0,0,28156,28295,56451,150.5117,-23.375
3887,rockhampton,Nov-04,2004,11,198.0,23.0,227.0,25.0,22042,22068,44110,0,0,0,22042,22068,44110,150.5117,-23.375
3888,rockhampton,Nov-05,2005,11,312.0,27.0,327.0,45.0,23600,24256,47856,0,0,0,23600,24256,47856,150.5117,-23.375
3889,rockhampton,Nov-06,2006,11,253.0,38.0,280.0,58.0,26610,26602,53212,0,0,0,26610,26602,53212,150.5117,-23.375
3890,rockhampton,Nov-07,2007,11,217.0,68.0,246.0,88.0,28758,29446,58204,0,0,0,28758,29446,58204,150.5117,-23.375
3891,rockhampton,Nov-08,2008,11,292.0,48.0,301.0,63.0,29194,30460,59654,0,0,0,29194,30460,59654,150.5117,-23.375
3892,rockhampton,Nov-09,2009,11,295.0,29.0,317.0,28.0,30845,31069,61914,0,0,0,30845,31069,61914,150.5117,-23.375
3893,rockhampton,Nov-10,2010,11,277.0,85.0,284.0,100.0,33956,34024,67980,0,0,0,33956,34024,67980,150.5117,-23.375
3894,rockhampton,Nov-11,2011,11,285.0,50.0,314.0,43.0,31283,31933,63216,0,0,0,31283,31933,63216,150.5117,-23.375
3895,rockhampton,Nov-12,2012,11,342.0,57.0,353.0,65.0,29891,31469,61360,0,0,0,29891,31469,61360,150.5117,-23.375
3896,rockhampton,Nov-13,2013,11,309.0,85.0,330.0,86.0,28088,28736,56824,0,0,0,28088,28736,56824,150.5117,-23.375
3897,rockhampton,Nov-14,2014,11,347.0,39.0,366.0,40.0,25794,26723,52517,0,0,0,25794,26723,52517,150.5117,-23.375
3898,rockhampton,Nov-15,2015,11,328.0,39.0,330.0,40.0,25321,26155,51476,0,0,0,25321,26155,51476,150.5117,-23.375
3899,rockhampton,Nov-16,2016,11,291.0,64.0,291.0,66.0,24719,25047,49766,0,0,0,24719,25047,49766,150.5117,-23.375
3900,rockhampton,Nov-17,2017,11,226.0,79.0,222.0,89.0,23202,23451,46653,0,0,0,23202,23451,46653,150.5117,-23.375
3901,rockhampton,Nov-18,2018,11,267.0,51.0,251.0,61.0,22684,23271,45955,0,0,0,22684,23271,45955,150.5117,-23.375
3902,rockhampton,Nov-19,2019,11,250.0,61.0,243.0,61.0,23925,24665,48590,0,0,0,23925,24665,48590,150.5117,-23.375
3903,rockhampton,Nov-20,2020,11,175.0,18.0,182.0,11.0,14346,14156,28502,0,0,0,14346,14156,28502,150.5117,-23.375
3904,rockhampton,Nov-21,2021,11,219.0,26.0,217.0,31.0,17545,17459,35004,0,0,0,17545,17459,35004,150.5117,-23.375
3905,rockhampton,Nov-22,2022,11,206.0,81.0,192.0,98.0,22545,22441,44986,0,0,0,22545,22441,44986,150.5117,-23.375
3906,rockhampton,Nov-23,2023,11,234.0,89.0,215.0,112.0,27258,27927,55185,0,0,0,27258,27927,55185,150.5117,-23.375
3907,rockhampton,Oct-04,2004,10,167.0,39.0,201.0,35.0,23552,23664,47216,0,0,0,23552,23664,47216,150.5117,-23.375
3908,rockhampton,Oct-05,2005,10,307.0,48.0,329.0,55.0,26548,26659,53207,0,0,0,26548,26659,53207,150.5117,-23.375
3909,rockhampton,Oct-06,2006,10,282.0,20.0,336.0,14.0,28066,27921,55987,0,0,0,28066,27921,55987,150.5117,-23.375
3910,rockhampton,Oct-07,2007,10,261.0,42.0,287.0,64.0,30209,29337,59546,0,0,0,30209,29337,59546,150.5117,-23.375
3911,rockhampton,Oct-08,2008,10,282.0,55.0,297.0,65.0,31762,32267,64029,0,0,0,31762,32267,64029,150.5117,-23.375
3912,rockhampton,Oct-09,2009,10,321.0,30.0,329.0,35.0,32645,32258,64903,0,0,0,32645,32258,64903,150.5117,-23.375
3913,rockhampton,Oct-10,2010,10,300.0,68.0,304.0,85.0,34566,35074,69640,0,0,0,34566,35074,69640,150.5117,-23.375
3914,rockhampton,Oct-11,2011,10,274.0,69.0,289.0,74.0,33143,33017,66160,0,0,0,33143,33017,66160,150.5117,-23.375
3915,rockhampton,Oct-12,2012,10,309.0,82.0,315.0,103.0,33144,32818,65962,0,0,0,33144,32818,65962,150.5117,-23.375
3916,rockhampton,Oct-13,2013,10,357.0,66.0,374.0,73.0,31967,31805,63772,0,0,0,31967,31805,63772,150.5117,-23.375
3917,rockhampton,Oct-14,2014,10,364.0,54.0,381.0,62.0,29349,29603,58952,0,0,0,29349,29603,58952,150.5117,-23.375
3918,rockhampton,Oct-15,2015,10,355.0,33.0,355.0,34.0,26606,26540,53146,0,0,0,26606,26540,53146,150.5117,-23.375
3919,rockhampton,Oct-16,2016,10,335.0,27.0,330.0,36.0,25428,25446,50874,0,0,0,25428,25446,50874,150.5117,-23.375
3920,rockhampton,Oct-17,2017,10,201.0,116.0,189.0,131.0,25201,25683,50884,0,0,0,25201,25683,50884,150.5117,-23.375
3921,rockhampton,Oct-18,2018,10,255.0,67.0,244.0,74.0,24857,24440,49297,0,0,0,24857,24440,49297,150.5117,-23.375
3922,rockhampton,Oct-19,2019,10,289.0,45.0,277.0,52.0,26365,26282,52647,0,0,0,26365,26282,52647,150.5117,-23.375
3923,rockhampton,Oct-20,2020,10,159.0,15.0,162.0,15.0,12598,13364,25962,0,0,0,12598,13364,25962,150.5117,-23.375
3924,rockhampton,Oct-21,2021,10,195.0,26.0,201.0,20.0,16260,16802,33062,0,0,0,16260,16802,33062,150.5117,-23.375
3925,rockhampton,Oct-22,2022,10,174.0,63.0,173.0,67.0,21071,21898,42969,0,0,0,21071,21898,42969,150.5117,-23.375
3926,rockhampton,Oct-23,2023,10,236.0,86.0,242.0,84.0,28628,28335,56963,0,0,0,28628,28335,56963,150.5117,-23.375
3927,rockhampton,Sep-04,2004,9,179.0,22.0,208.0,23.0,22417,22246,44663,0,0,0,22417,22246,44663,150.5117,-23.375
3928,rockhampton,Sep-05,2005,9,312.0,30.0,340.0,31.0,27215,26879,54094,0,0,0,27215,26879,54094,150.5117,-23.375
3929,rockhampton,Sep-06,2006,9,297.0,18.0,314.0,28.0,27366,27908,55274,0,0,0,27366,27908,55274,150.5117,-23.375
3930,rockhampton,Sep-07,2007,9,238.0,50.0,277.0,55.0,28727,28734,57461,0,0,0,28727,28734,57461,150.5117,-23.375
3931,rockhampton,Sep-08,2008,9,221.0,79.0,247.0,82.0,31160,30970,62130,0,0,0,31160,30970,62130,150.5117,-23.375
3932,rockhampton,Sep-09,2009,9,311.0,38.0,317.0,33.0,32037,32141,64178,0,0,0,32037,32141,64178,150.5117,-23.375
3933,rockhampton,Sep-10,2010,9,287.0,59.0,289.0,79.0,35141,34516,69657,0,0,0,35141,34516,69657,150.5117,-23.375
3934,rockhampton,Sep-11,2011,9,262.0,72.0,293.0,63.0,33314,33530,66844,0,0,0,33314,33530,66844,150.5117,-23.375
3935,rockhampton,Sep-12,2012,9,314.0,70.0,328.0,82.0,31267,31901,63168,0,0,0,31267,31901,63168,150.5117,-23.375
3936,rockhampton,Sep-13,2013,9,334.0,61.0,365.0,49.0,29872,29752,59624,0,0,0,29872,29752,59624,150.5117,-23.375
3937,rockhampton,Sep-14,2014,9,349.0,50.0,366.0,58.0,29157,28751,57908,0,0,0,29157,28751,57908,150.5117,-23.375
3938,rockhampton,Sep-15,2015,9,332.0,41.0,326.0,47.0,25941,26185,52126,0,0,0,25941,26185,52126,150.5117,-23.375
3939,rockhampton,Sep-16,2016,9,317.0,51.0,305.0,63.0,26180,26113,52293,0,0,0,26180,26113,52293,150.5117,-23.375
3940,rockhampton,Sep-17,2017,9,256.0,54.0,246.0,65.0,25076,24912,49988,0,0,0,25076,24912,49988,150.5117,-23.375
3941,rockhampton,Sep-18,2018,9,254.0,50.0,241.0,59.0,22995,23668,46663,0,0,0,22995,23668,46663,150.5117,-23.375
3942,rockhampton,Sep-19,2019,9,271.0,41.0,260.0,51.0,25279,24781,50060,0,0,0,25279,24781,50060,150.5117,-23.375
3943,rockhampton,Sep-20,2020,9,139.0,16.0,145.0,15.0,10594,10633,21227,0,0,0,10594,10633,21227,150.5117,-23.375
3944,rockhampton,Sep-21,2021,9,173.0,12.0,175.0,11.0,15913,16157,32070,0,0,0,15913,16157,32070,150.5117,-23.375
3945,rockhampton,Sep-22,2022,9,114.0,103.0,125.0,94.0,21059,20981,42040,0,0,0,21059,20981,42040,150.5117,-23.375
3946,rockhampton,Sep-23,2023,9,202.0,107.0,210.0,99.0,28901,28755,57656,0,0,0,28901,28755,57656,150.5117,-23.375
3947,sunshine coast,Apr-04,2004,4,134.0,16.0,136.0,14.0,15784,15906,31690,0,0,0,15784,15906,31690,153.0929,-26.655
3948,sunshine coast,Apr-05,2005,4,214.0,33.0,225.0,22.0,30126,29463,59589,0,0,0,30126,29463,59589,153.0929,-26.655
3949,sunshine coast,Apr-06,2006,4,202.0,48.0,216.0,35.0,33641,34150,67791,0,0,0,33641,34150,67791,153.0929,-26.655
3950,sunshine coast,Apr-07,2007,4,224.0,25.0,227.0,22.0,35826,35861,71687,0,0,0,35826,35861,71687,153.0929,-26.655
3951,sunshine coast,Apr-08,2008,4,192.0,86.0,207.0,71.0,37940,38041,75981,0,0,0,37940,38041,75981,153.0929,-26.655
3952,sunshine coast,Apr-09,2009,4,198.0,62.0,216.0,53.0,37483,37954,75437,0,0,0,37483,37954,75437,153.0929,-26.655
3953,sunshine coast,Apr-10,2010,4,242.0,39.0,240.0,40.0,34920,36742,71662,0,0,0,34920,36742,71662,153.0929,-26.655
3954,sunshine coast,Apr-11,2011,4,185.0,125.0,211.0,98.0,43279,42511,85790,0,0,0,43279,42511,85790,153.0929,-26.655
3955,sunshine coast,Apr-12,2012,4,173.0,61.0,187.0,47.0,32772,32788,65560,0,0,0,32772,32788,65560,153.0929,-26.655
3956,sunshine coast,Apr-13,2013,4,167.0,89.0,193.0,63.0,36161,37327,73488,0,0,0,36161,37327,73488,153.0929,-26.655
3957,sunshine coast,Apr-14,2014,4,204.0,68.0,219.0,51.0,38492,37941,76433,0,0,0,38492,37941,76433,153.0929,-26.655
3958,sunshine coast,Apr-15,2015,4,171.0,84.0,193.0,60.0,36413,38432,74845,0,0,0,36413,38432,74845,153.0929,-26.655
3959,sunshine coast,Apr-16,2016,4,216.0,72.0,240.0,49.0,40425,41283,81708,0,0,0,40425,41283,81708,153.0929,-26.655
3960,sunshine coast,Apr-17,2017,4,227.0,125.0,286.0,65.0,50593,50278,100871,0,0,0,50593,50278,100871,153.0929,-26.655
3961,sunshine coast,Apr-18,2018,4,249.0,110.0,291.0,69.0,50703,52628,103331,0,0,0,50703,52628,103331,153.0929,-26.655
3962,sunshine coast,Apr-19,2019,4,294.0,112.0,320.0,85.0,57922,57602,115524,0,0,0,57922,57602,115524,153.0929,-26.655
3963,sunshine coast,Apr-21,2021,4,330.0,94.0,342.0,87.0,61111,62531,123642,0,0,0,61111,62531,123642,153.0929,-26.655
3964,sunshine coast,Apr-22,2022,4,324.0,239.0,334.0,236.0,78320,76472,154792,0,0,0,78320,76472,154792,153.0929,-26.655
3965,sunshine coast,Apr-23,2023,4,234.0,158.0,259.0,134.0,82618,81416,164034,0,0,0,82618,81416,164034,153.0929,-26.655
3966,sunshine coast,Aug-04,2004,8,150.0,26.0,160.0,16.0,21695,21752,43447,0,0,0,21695,21752,43447,153.0929,-26.655
3967,sunshine coast,Aug-05,2005,8,185.0,46.0,206.0,25.0,30935,30364,61299,0,0,0,30935,30364,61299,153.0929,-26.655
3968,sunshine coast,Aug-06,2006,8,208.0,35.0,221.0,22.0,38170,37768,75938,0,0,0,38170,37768,75938,153.0929,-26.655
3969,sunshine coast,Aug-07,2007,8,167.0,40.0,180.0,36.0,33255,32749,66004,0,0,0,33255,32749,66004,153.0929,-26.655
3970,sunshine coast,Aug-08,2008,8,212.0,48.0,225.0,35.0,37753,37227,74980,0,0,0,37753,37227,74980,153.0929,-26.655
3971,sunshine coast,Aug-09,2009,8,190.0,57.0,208.0,35.0,35999,35808,71807,0,0,0,35999,35808,71807,153.0929,-26.655
3972,sunshine coast,Aug-10,2010,8,200.0,68.0,221.0,49.0,36256,36552,72808,0,0,0,36256,36552,72808,153.0929,-26.655
3973,sunshine coast,Aug-11,2011,8,161.0,55.0,164.0,55.0,31928,32338,64266,0,0,0,31928,32338,64266,153.0929,-26.655
3974,sunshine coast,Aug-12,2012,8,127.0,69.0,153.0,43.0,29763,29595,59358,1029,1003,2032,30792,30598,61390,153.0929,-26.655
3975,sunshine coast,Aug-13,2013,8,193.0,51.0,216.0,28.0,36603,35762,72365,1044,982,2026,37647,36744,74391,153.0929,-26.655
3976,sunshine coast,Aug-14,2014,8,154.0,64.0,169.0,49.0,32624,32124,64748,1373,1191,2564,33997,33315,67312,153.0929,-26.655
3977,sunshine coast,Aug-15,2015,8,202.0,43.0,217.0,28.0,37099,37056,74155,1625,1570,3195,38724,38626,77350,153.0929,-26.655
3978,sunshine coast,Aug-16,2016,8,205.0,64.0,236.0,33.0,38254,38622,76876,1740,1512,3252,39994,40134,80128,153.0929,-26.655
3979,sunshine coast,Aug-17,2017,8,207.0,84.0,245.0,46.0,42229,43299,85528,1776,1463,3239,44005,44762,88767,153.0929,-26.655
3980,sunshine coast,Aug-18,2018,8,199.0,131.0,262.0,69.0,51496,51623,103119,2175,1991,4166,53671,53614,107285,153.0929,-26.655
3981,sunshine coast,Aug-19,2019,8,188.0,151.0,234.0,106.0,52112,51992,104104,1994,1631,3625,54106,53623,107729,153.0929,-26.655
3982,sunshine coast,Aug-21,2021,8,20.0,0.0,20.0,0.0,1300,2373,3673,0,0,0,1300,2373,3673,153.0929,-26.655
3983,sunshine coast,Aug-22,2022,8,211.0,166.0,264.0,111.0,58136,59006,117142,1211,1162,2373,59347,60168,119515,153.0929,-26.655
3984,sunshine coast,Aug-23,2023,8,192.0,140.0,245.0,87.0,76817,76271,153088,1585,1609,3194,78402,77880,156282,153.0929,-26.655
3985,sunshine coast,Dec-04,2004,12,232.0,57.0,245.0,44.0,29656,29020,58676,0,0,0,29656,29020,58676,153.0929,-26.655
3986,sunshine coast,Dec-05,2005,12,202.0,59.0,224.0,40.0,35527,33582,69109,0,0,0,35527,33582,69109,153.0929,-26.655
3987,sunshine coast,Dec-06,2006,12,214.0,54.0,228.0,40.0,37293,36228,73521,0,0,0,37293,36228,73521,153.0929,-26.655
3988,sunshine coast,Dec-07,2007,12,182.0,83.0,205.0,64.0,41707,40284,81991,0,0,0,41707,40284,81991,153.0929,-26.655
3989,sunshine coast,Dec-08,2008,12,229.0,58.0,243.0,45.0,40855,39879,80734,0,0,0,40855,39879,80734,153.0929,-26.655
3990,sunshine coast,Dec-09,2009,12,179.0,58.0,198.0,40.0,33817,31572,65389,0,0,0,33817,31572,65389,153.0929,-26.655
3991,sunshine coast,Dec-10,2010,12,186.0,138.0,224.0,102.0,42747,40153,82900,0,0,0,42747,40153,82900,153.0929,-26.655
3992,sunshine coast,Dec-11,2011,12,209.0,47.0,217.0,38.0,36982,34648,71630,0,0,0,36982,34648,71630,153.0929,-26.655
3993,sunshine coast,Dec-12,2012,12,200.0,52.0,217.0,34.0,37389,35415,72804,0,0,0,37389,35415,72804,153.0929,-26.655
3994,sunshine coast,Dec-13,2013,12,225.0,67.0,246.0,47.0,42692,41439,84131,0,0,0,42692,41439,84131,153.0929,-26.655
3995,sunshine coast,Dec-14,2014,12,186.0,76.0,206.0,57.0,37877,36038,73915,0,0,0,37877,36038,73915,153.0929,-26.655
3996,sunshine coast,Dec-15,2015,12,187.0,109.0,215.0,81.0,43719,41433,85152,636,701,1337,44355,42134,86489,153.0929,-26.655
3997,sunshine coast,Dec-16,2016,12,220.0,121.0,262.0,81.0,50172,47251,97423,0,0,0,50172,47251,97423,153.0929,-26.655
3998,sunshine coast,Dec-17,2017,12,318.0,77.0,336.0,60.0,57051,53346,110397,0,0,0,57051,53346,110397,153.0929,-26.655
3999,sunshine coast,Dec-18,2018,12,273.0,118.0,308.0,83.0,57912,54181,112093,0,0,0,57912,54181,112093,153.0929,-26.655
4000,sunshine coast,Dec-19,2019,12,241.0,146.0,288.0,101.0,58993,55020,114013,0,0,0,58993,55020,114013,153.0929,-26.655
4001,sunshine coast,Dec-20,2020,12,134.0,41.0,141.0,33.0,27355,21832,49187,0,0,0,27355,21832,49187,153.0929,-26.655
4002,sunshine coast,Dec-21,2021,12,198.0,102.0,212.0,90.0,36858,24375,61233,0,0,0,36858,24375,61233,153.0929,-26.655
4003,sunshine coast,Dec-22,2022,12,329.0,164.0,353.0,145.0,67791,61949,129740,0,0,0,67791,61949,129740,153.0929,-26.655
4004,sunshine coast,Feb-04,2004,2,128.0,17.0,129.0,16.0,15406,15489,30895,0,0,0,15406,15489,30895,153.0929,-26.655
4005,sunshine coast,Feb-05,2005,2,200.0,41.0,213.0,30.0,26719,26836,53555,0,0,0,26719,26836,53555,153.0929,-26.655
4006,sunshine coast,Feb-06,2006,2,181.0,25.0,180.0,26.0,26926,26855,53781,0,0,0,26926,26855,53781,153.0929,-26.655
4007,sunshine coast,Feb-07,2007,2,198.0,31.0,209.0,22.0,32070,32074,64144,0,0,0,32070,32074,64144,153.0929,-26.655
4008,sunshine coast,Feb-08,2008,2,155.0,72.0,170.0,63.0,34996,34450,69446,0,0,0,34996,34450,69446,153.0929,-26.655
4009,sunshine coast,Feb-09,2009,2,163.0,45.0,173.0,38.0,31655,31563,63218,0,0,0,31655,31563,63218,153.0929,-26.655
4010,sunshine coast,Feb-10,2010,2,147.0,46.0,157.0,35.0,28925,29019,57944,0,0,0,28925,29019,57944,153.0929,-26.655
4011,sunshine coast,Feb-11,2011,2,177.0,78.0,184.0,75.0,30150,30658,60808,0,0,0,30150,30658,60808,153.0929,-26.655
4012,sunshine coast,Feb-12,2012,2,133.0,55.0,144.0,45.0,27076,27246,54322,0,0,0,27076,27246,54322,153.0929,-26.655
4013,sunshine coast,Feb-13,2013,2,108.0,66.0,138.0,39.0,24714,24656,49370,0,0,0,24714,24656,49370,153.0929,-26.655
4014,sunshine coast,Feb-14,2014,2,199.0,17.0,205.0,12.0,29074,29820,58894,0,0,0,29074,29820,58894,153.0929,-26.655
4015,sunshine coast,Feb-15,2015,2,146.0,34.0,161.0,21.0,26196,25986,52182,0,0,0,26196,25986,52182,153.0929,-26.655
4016,sunshine coast,Feb-16,2016,2,185.0,39.0,201.0,24.0,31549,31537,63086,799,791,1590,32348,32328,64676,153.0929,-26.655
4017,sunshine coast,Feb-17,2017,2,162.0,85.0,198.0,50.0,34293,34971,69264,0,0,0,34293,34971,69264,153.0929,-26.655
4018,sunshine coast,Feb-18,2018,2,223.0,62.0,244.0,41.0,39789,40298,80087,0,0,0,39789,40298,80087,153.0929,-26.655
4019,sunshine coast,Feb-19,2019,2,204.0,70.0,213.0,61.0,38801,39935,78736,0,0,0,38801,39935,78736,153.0929,-26.655
4020,sunshine coast,Feb-20,2020,2,181.0,103.0,202.0,81.0,40821,41262,82083,0,0,0,40821,41262,82083,153.0929,-26.655
4021,sunshine coast,Feb-21,2021,2,154.0,20.0,155.0,20.0,21393,22134,43527,0,0,0,21393,22134,43527,153.0929,-26.655
4022,sunshine coast,Feb-22,2022,2,190.0,93.0,234.0,53.0,41318,41978,83296,0,0,0,41318,41978,83296,153.0929,-26.655
4023,sunshine coast,Feb-23,2023,2,260.0,105.0,251.0,117.0,51830,51874,103704,0,0,0,51830,51874,103704,153.0929,-26.655
4024,sunshine coast,Jan-04,2004,1,155.0,33.0,161.0,28.0,21356,22632,43988,0,0,0,21356,22632,43988,153.0929,-26.655
4025,sunshine coast,Jan-05,2005,1,236.0,59.0,258.0,39.0,34457,36953,71410,0,0,0,34457,36953,71410,153.0929,-26.655
4026,sunshine coast,Jan-06,2006,1,244.0,35.0,244.0,35.0,36829,40010,76839,0,0,0,36829,40010,76839,153.0929,-26.655
4027,sunshine coast,Jan-07,2007,1,230.0,38.0,245.0,23.0,38148,39815,77963,0,0,0,38148,39815,77963,153.0929,-26.655
4028,sunshine coast,Jan-08,2008,1,173.0,89.0,206.0,55.0,42301,44826,87127,0,0,0,42301,44826,87127,153.0929,-26.655
4029,sunshine coast,Jan-09,2009,1,255.0,54.0,270.0,40.0,45697,47665,93362,0,0,0,45697,47665,93362,153.0929,-26.655
4030,sunshine coast,Jan-10,2010,1,207.0,42.0,216.0,31.0,34713,37517,72230,0,0,0,34713,37517,72230,153.0929,-26.655
4031,sunshine coast,Jan-11,2011,1,224.0,129.0,248.0,105.0,41828,47366,89194,0,0,0,41828,47366,89194,153.0929,-26.655
4032,sunshine coast,Jan-12,2012,1,179.0,94.0,205.0,68.0,38159,41261,79420,0,0,0,38159,41261,79420,153.0929,-26.655
4033,sunshine coast,Jan-13,2013,1,154.0,88.0,183.0,59.0,36254,38189,74443,0,0,0,36254,38189,74443,153.0929,-26.655
4034,sunshine coast,Jan-14,2014,1,244.0,43.0,260.0,28.0,43005,46710,89715,0,0,0,43005,46710,89715,153.0929,-26.655
4035,sunshine coast,Jan-15,2015,1,231.0,40.0,249.0,23.0,37890,42048,79938,0,0,0,37890,42048,79938,153.0929,-26.655
4036,sunshine coast,Jan-16,2016,1,207.0,112.0,231.0,92.0,42454,47148,89602,1157,1031,2188,43611,48179,91790,153.0929,-26.655
4037,sunshine coast,Jan-17,2017,1,262.0,85.0,309.0,41.0,49190,53993,103183,0,0,0,49190,53993,103183,153.0929,-26.655
4038,sunshine coast,Jan-18,2018,1,342.0,65.0,360.0,48.0,56675,62979,119654,0,0,0,56675,62979,119654,153.0929,-26.655
4039,sunshine coast,Jan-19,2019,1,288.0,96.0,328.0,56.0,55988,61362,117350,0,0,0,55988,61362,117350,153.0929,-26.655
4040,sunshine coast,Jan-20,2020,1,190.0,135.0,241.0,85.0,49802,53319,103121,0,0,0,49802,53319,103121,153.0929,-26.655
4041,sunshine coast,Jan-21,2021,1,167.0,37.0,180.0,26.0,25047,32503,57550,0,0,0,25047,32503,57550,153.0929,-26.655
4042,sunshine coast,Jan-22,2022,1,370.0,91.0,408.0,54.0,49489,58181,107670,0,0,0,49489,58181,107670,153.0929,-26.655
4043,sunshine coast,Jan-23,2023,1,399.0,123.0,409.0,117.0,66640,72901,139541,0,0,0,66640,72901,139541,153.0929,-26.655
4044,sunshine coast,Jul-04,2004,7,145.0,32.0,162.0,14.0,20966,20758,41724,0,0,0,20966,20758,41724,153.0929,-26.655
4045,sunshine coast,Jul-05,2005,7,220.0,37.0,230.0,28.0,33233,33541,66774,0,0,0,33233,33541,66774,153.0929,-26.655
4046,sunshine coast,Jul-06,2006,7,187.0,68.0,203.0,54.0,38834,38516,77350,0,0,0,38834,38516,77350,153.0929,-26.655
4047,sunshine coast,Jul-07,2007,7,188.0,37.0,194.0,31.0,35562,34689,70251,0,0,0,35562,34689,70251,153.0929,-26.655
4048,sunshine coast,Jul-08,2008,7,197.0,117.0,225.0,91.0,43532,43208,86740,0,0,0,43532,43208,86740,153.0929,-26.655
4049,sunshine coast,Jul-09,2009,7,200.0,42.0,215.0,29.0,35748,34738,70486,0,0,0,35748,34738,70486,153.0929,-26.655
4050,sunshine coast,Jul-10,2010,7,235.0,74.0,244.0,67.0,39239,38214,77453,0,0,0,39239,38214,77453,153.0929,-26.655
4051,sunshine coast,Jul-11,2011,7,166.0,91.0,176.0,81.0,39098,37432,76530,0,0,0,39098,37432,76530,153.0929,-26.655
4052,sunshine coast,Jul-12,2012,7,167.0,74.0,189.0,53.0,33872,33736,67608,1229,1055,2284,35101,34791,69892,153.0929,-26.655
4053,sunshine coast,Jul-13,2013,7,197.0,65.0,212.0,50.0,37078,37819,74897,1162,1071,2233,38240,38890,77130,153.0929,-26.655
4054,sunshine coast,Jul-14,2014,7,198.0,49.0,209.0,37.0,36813,37428,74241,1508,1203,2711,38321,38631,76952,153.0929,-26.655
4055,sunshine coast,Jul-15,2015,7,177.0,83.0,204.0,55.0,39430,40072,79502,1771,1381,3152,41201,41453,82654,153.0929,-26.655
4056,sunshine coast,Jul-16,2016,7,198.0,113.0,241.0,71.0,45489,45561,91050,2074,1472,3546,47563,47033,94596,153.0929,-26.655
4057,sunshine coast,Jul-17,2017,7,214.0,118.0,267.0,64.0,50839,49711,100550,1948,1355,3303,52787,51066,103853,153.0929,-26.655
4058,sunshine coast,Jul-18,2018,7,202.0,154.0,248.0,113.0,55230,54396,109626,1943,1380,3323,57173,55776,112949,153.0929,-26.655
4059,sunshine coast,Jul-19,2019,7,212.0,166.0,249.0,129.0,57693,57053,114746,1830,1209,3039,59523,58262,117785,153.0929,-26.655
4060,sunshine coast,Jul-20,2020,7,21.0,12.0,27.0,6.0,4595,4152,8747,0,0,0,4595,4152,8747,153.0929,-26.655
4061,sunshine coast,Jul-21,2021,7,141.0,13.0,145.0,9.0,10807,16435,27242,202,310,512,11009,16745,27754,153.0929,-26.655
4062,sunshine coast,Jul-22,2022,7,175.0,233.0,230.0,181.0,67840,70187,138027,898,718,1616,68738,70905,139643,153.0929,-26.655
4063,sunshine coast,Jul-23,2023,7,214.0,172.0,262.0,121.0,88757,88579,177336,1753,1577,3330,90510,90156,180666,153.0929,-26.655
4064,sunshine coast,Jun-04,2004,6,143.0,15.0,152.0,6.0,19216,18624,37840,0,0,0,19216,18624,37840,153.0929,-26.655
4065,sunshine coast,Jun-05,2005,6,196.0,43.0,201.0,39.0,27984,27077,55061,0,0,0,27984,27077,55061,153.0929,-26.655
4066,sunshine coast,Jun-06,2006,6,180.0,55.0,184.0,51.0,31915,31496,63411,0,0,0,31915,31496,63411,153.0929,-26.655
4067,sunshine coast,Jun-07,2007,6,171.0,48.0,176.0,44.0,32019,31005,63024,0,0,0,32019,31005,63024,153.0929,-26.655
4068,sunshine coast,Jun-08,2008,6,209.0,81.0,218.0,73.0,37893,36925,74818,0,0,0,37893,36925,74818,153.0929,-26.655
4069,sunshine coast,Jun-09,2009,6,166.0,57.0,176.0,50.0,31734,30909,62643,0,0,0,31734,30909,62643,153.0929,-26.655
4070,sunshine coast,Jun-10,2010,6,215.0,45.0,216.0,44.0,30986,30062,61048,0,0,0,30986,30062,61048,153.0929,-26.655
4071,sunshine coast,Jun-11,2011,6,166.87,82.13,185.26999999999998,64.73,31320,30983,62303,0,0,0,31320,30983,62303,153.0929,-26.655
4072,sunshine coast,Jun-12,2012,6,145.0,59.0,171.0,32.0,28911,27169,56080,0,0,0,28911,27169,56080,153.0929,-26.655
4073,sunshine coast,Jun-13,2013,6,175.0,64.0,195.0,43.0,33169,31801,64970,511,329,840,33680,32130,65810,153.0929,-26.655
4074,sunshine coast,Jun-14,2014,6,171.0,52.0,180.0,43.0,32016,30493,62509,278,183,461,32294,30676,62970,153.0929,-26.655
4075,sunshine coast,Jun-15,2015,6,179.0,41.0,190.0,31.0,33566,31083,64649,277,164,441,33843,31247,65090,153.0929,-26.655
4076,sunshine coast,Jun-16,2016,6,161.0,89.0,190.0,62.0,36604,33840,70444,0,0,0,36604,33840,70444,153.0929,-26.655
4077,sunshine coast,Jun-17,2017,6,191.0,76.0,229.0,39.0,38577,36242,74819,0,0,0,38577,36242,74819,153.0929,-26.655
4078,sunshine coast,Jun-18,2018,6,205.0,86.0,227.0,65.0,42877,40596,83473,0,0,0,42877,40596,83473,153.0929,-26.655
4079,sunshine coast,Jun-19,2019,6,205.0,114.0,230.0,89.0,46464,43854,90318,0,0,0,46464,43854,90318,153.0929,-26.655
4080,sunshine coast,Jun-21,2021,6,228.0,49.0,224.0,54.0,31625,29496,61121,0,0,0,31625,29496,61121,153.0929,-26.655
4081,sunshine coast,Jun-22,2022,6,254.0,184.0,280.0,160.0,64883,58958,123841,0,0,0,64883,58958,123841,153.0929,-26.655
4082,sunshine coast,Jun-23,2023,6,238.0,122.0,250.0,111.0,76961,71507,148468,433,287,720,77394,71794,149188,153.0929,-26.655
4083,sunshine coast,Mar-04,2004,3,131.0,17.0,130.0,19.0,16716,16728,33444,0,0,0,16716,16728,33444,153.0929,-26.655
4084,sunshine coast,Mar-05,2005,3,223.0,45.0,236.0,33.0,31773,31425,63198,0,0,0,31773,31425,63198,153.0929,-26.655
4085,sunshine coast,Mar-06,2006,3,195.0,42.0,202.0,37.0,30841,30634,61475,0,0,0,30841,30634,61475,153.0929,-26.655
4086,sunshine coast,Mar-07,2007,3,215.0,40.0,225.0,31.0,36994,36363,73357,0,0,0,36994,36363,73357,153.0929,-26.655
4087,sunshine coast,Mar-08,2008,3,178.0,93.0,199.0,72.0,42952,41317,84269,0,0,0,42952,41317,84269,153.0929,-26.655
4088,sunshine coast,Mar-09,2009,3,182.0,43.0,201.0,28.0,35955,35832,71787,0,0,0,35955,35832,71787,153.0929,-26.655
4089,sunshine coast,Mar-10,2010,3,159.0,57.0,173.0,46.0,31817,30574,62391,0,0,0,31817,30574,62391,153.0929,-26.655
4090,sunshine coast,Mar-11,2011,3,192.0,88.0,217.0,67.0,36120,35698,71818,0,0,0,36120,35698,71818,153.0929,-26.655
4091,sunshine coast,Mar-12,2012,3,140.0,62.0,147.0,54.0,30082,29475,59557,0,0,0,30082,29475,59557,153.0929,-26.655
4092,sunshine coast,Mar-13,2013,3,155.0,55.0,181.0,32.0,32048,30913,62961,0,0,0,32048,30913,62961,153.0929,-26.655
4093,sunshine coast,Mar-14,2014,3,197.0,54.0,211.0,43.0,35429,35329,70758,0,0,0,35429,35329,70758,153.0929,-26.655
4094,sunshine coast,Mar-15,2015,3,182.0,26.0,192.0,17.0,32867,31577,64444,0,0,0,32867,31577,64444,153.0929,-26.655
4095,sunshine coast,Mar-16,2016,3,194.0,70.0,213.0,53.0,38086,37653,75739,0,0,0,38086,37653,75739,153.0929,-26.655
4096,sunshine coast,Mar-17,2017,3,162.0,115.0,206.0,76.0,40638,40397,81035,0,0,0,40638,40397,81035,153.0929,-26.655
4097,sunshine coast,Mar-18,2018,3,246.0,77.0,265.0,58.0,48749,46397,95146,0,0,0,48749,46397,95146,153.0929,-26.655
4098,sunshine coast,Mar-19,2019,3,221.0,97.0,244.0,75.0,48596,47462,96058,0,0,0,48596,47462,96058,153.0929,-26.655
4099,sunshine coast,Mar-20,2020,3,178.0,77.0,199.0,54.0,30794,31890,62684,0,0,0,30794,31890,62684,153.0929,-26.655
4100,sunshine coast,Mar-21,2021,3,263.0,60.0,266.0,59.0,43943,41218,85161,0,0,0,43943,41218,85161,153.0929,-26.655
4101,sunshine coast,Mar-22,2022,3,277.0,144.0,300.0,126.0,56238,56662,112900,0,0,0,56238,56662,112900,153.0929,-26.655
4102,sunshine coast,Mar-23,2023,3,246.0,163.0,273.0,136.0,68061,68114,136175,0,0,0,68061,68114,136175,153.0929,-26.655
4103,sunshine coast,May-04,2004,5,145.0,17.0,152.0,12.0,17659,17860,35519,0,0,0,17659,17860,35519,153.0929,-26.655
4104,sunshine coast,May-05,2005,5,164.0,17.0,220.0,23.0,28855,29484,58339,0,0,0,28855,29484,58339,153.0929,-26.655
4105,sunshine coast,May-06,2006,5,194.0,34.0,197.0,31.0,29563,30323,59886,0,0,0,29563,30323,59886,153.0929,-26.655
4106,sunshine coast,May-07,2007,5,207.0,30.0,207.0,30.0,33613,33494,67107,0,0,0,33613,33494,67107,153.0929,-26.655
4107,sunshine coast,May-08,2008,5,215.0,66.0,234.0,52.0,38638,38227,76865,0,0,0,38638,38227,76865,153.0929,-26.655
4108,sunshine coast,May-09,2009,5,189.0,53.0,204.0,38.0,34213,34168,68381,0,0,0,34213,34168,68381,153.0929,-26.655
4109,sunshine coast,May-10,2010,5,245.0,31.0,241.0,36.0,31064,31888,62952,0,0,0,31064,31888,62952,153.0929,-26.655
4110,sunshine coast,May-11,2011,5,185.0,79.0,204.0,59.0,33996,34824,68820,0,0,0,33996,34824,68820,153.0929,-26.655
4111,sunshine coast,May-12,2012,5,154.0,47.0,172.0,30.0,28420,29068,57488,0,0,0,28420,29068,57488,153.0929,-26.655
4112,sunshine coast,May-13,2013,5,163.0,53.0,182.0,34.0,29685,30278,59963,0,0,0,29685,30278,59963,153.0929,-26.655
4113,sunshine coast,May-14,2014,5,179.0,39.0,194.0,26.0,30745,31349,62094,0,0,0,30745,31349,62094,153.0929,-26.655
4114,sunshine coast,May-15,2015,5,177.0,30.0,189.0,20.0,29833,30090,59923,0,0,0,29833,30090,59923,153.0929,-26.655
4115,sunshine coast,May-16,2016,5,174.0,68.0,199.0,44.0,34073,34407,68480,0,0,0,34073,34407,68480,153.0929,-26.655
4116,sunshine coast,May-17,2017,5,177.0,87.0,220.0,45.0,37113,37748,74861,0,0,0,37113,37748,74861,153.0929,-26.655
4117,sunshine coast,May-18,2018,5,210.0,76.0,239.0,48.0,41866,42680,84546,0,0,0,41866,42680,84546,153.0929,-26.655
4118,sunshine coast,May-19,2019,5,253.0,69.0,270.0,55.0,45297,45610,90907,0,0,0,45297,45610,90907,153.0929,-26.655
4119,sunshine coast,May-21,2021,5,268.0,93.0,284.0,78.0,46629,47419,94048,0,0,0,46629,47419,94048,153.0929,-26.655
4120,sunshine coast,May-22,2022,5,235.0,208.0,263.0,178.0,60284,62428,122712,0,0,0,60284,62428,122712,153.0929,-26.655
4121,sunshine coast,May-23,2023,5,242.0,109.0,253.0,101.0,70948,71211,142159,0,0,0,70948,71211,142159,153.0929,-26.655
4122,sunshine coast,Nov-04,2004,11,183.0,47.0,188.0,42.0,25219,25894,51113,0,0,0,25219,25894,51113,153.0929,-26.655
4123,sunshine coast,Nov-05,2005,11,181.0,49.0,199.0,31.0,32082,32683,64765,0,0,0,32082,32683,64765,153.0929,-26.655
4124,sunshine coast,Nov-06,2006,11,184.0,64.0,195.0,54.0,37959,38403,76362,0,0,0,37959,38403,76362,153.0929,-26.655
4125,sunshine coast,Nov-07,2007,11,155.0,91.0,175.0,72.0,38367,39499,77866,0,0,0,38367,39499,77866,153.0929,-26.655
4126,sunshine coast,Nov-08,2008,11,191.0,83.0,210.0,67.0,40572,41305,81877,0,0,0,40572,41305,81877,153.0929,-26.655
4127,sunshine coast,Nov-09,2009,11,184.0,50.0,194.0,40.0,34449,36311,70760,0,0,0,34449,36311,70760,153.0929,-26.655
4128,sunshine coast,Nov-10,2010,11,167.0,127.0,215.0,79.0,39243,40850,80093,0,0,0,39243,40850,80093,153.0929,-26.655
4129,sunshine coast,Nov-11,2011,11,157.0,51.0,166.0,41.0,31538,33287,64825,0,0,0,31538,33287,64825,153.0929,-26.655
4130,sunshine coast,Nov-12,2012,11,177.0,49.0,195.0,31.0,34918,36027,70945,0,0,0,34918,36027,70945,153.0929,-26.655
4131,sunshine coast,Nov-13,2013,11,177.0,75.0,211.0,42.0,38361,39769,78130,0,0,0,38361,39769,78130,153.0929,-26.655
4132,sunshine coast,Nov-14,2014,11,200.0,36.0,213.0,25.0,35622,36709,72331,0,0,0,35622,36709,72331,153.0929,-26.655
4133,sunshine coast,Nov-15,2015,11,180.0,76.0,210.0,51.0,39106,40016,79122,0,0,0,39106,40016,79122,153.0929,-26.655
4134,sunshine coast,Nov-16,2016,11,208.0,102.0,252.0,58.0,44417,46669,91086,0,0,0,44417,46669,91086,153.0929,-26.655
4135,sunshine coast,Nov-17,2017,11,249.0,88.0,286.0,51.0,49954,51052,101006,0,0,0,49954,51052,101006,153.0929,-26.655
4136,sunshine coast,Nov-18,2018,11,238.0,105.0,268.0,76.0,53067,53467,106534,0,0,0,53067,53467,106534,153.0929,-26.655
4137,sunshine coast,Nov-19,2019,11,232.0,127.0,279.0,79.0,54862,55816,110678,0,0,0,54862,55816,110678,153.0929,-26.655
4138,sunshine coast,Nov-20,2020,11,1.0,1.0,1.0,1.0,3424,3869,7293,0,0,0,3424,3869,7293,153.0929,-26.655
4139,sunshine coast,Nov-22,2022,11,281.0,146.0,296.0,133.0,59695,63256,122951,0,0,0,59695,63256,122951,153.0929,-26.655
4140,sunshine coast,Nov-23,2023,11,223.0,188.0,264.0,150.0,81030,82314,163344,0,0,0,81030,82314,163344,153.0929,-26.655
4141,sunshine coast,Oct-04,2004,10,188.0,67.0,208.0,51.0,29558,29982,59540,0,0,0,29558,29982,59540,153.0929,-26.655
4142,sunshine coast,Oct-05,2005,10,212.0,47.0,237.0,24.0,36067,37165,73232,0,0,0,36067,37165,73232,153.0929,-26.655
4143,sunshine coast,Oct-06,2006,10,209.0,48.0,223.0,34.0,40816,40795,81611,0,0,0,40816,40795,81611,153.0929,-26.655
4144,sunshine coast,Oct-07,2007,10,169.0,85.0,205.0,49.0,42203,42447,84650,0,0,0,42203,42447,84650,153.0929,-26.655
4145,sunshine coast,Oct-08,2008,10,170.0,93.0,196.0,68.0,41070,41884,82954,0,0,0,41070,41884,82954,153.0929,-26.655
4146,sunshine coast,Oct-09,2009,10,200.0,45.0,211.0,34.0,37978,38239,76217,0,0,0,37978,38239,76217,153.0929,-26.655
4147,sunshine coast,Oct-10,2010,10,209.0,103.0,242.0,72.0,41486,43119,84605,0,0,0,41486,43119,84605,153.0929,-26.655
4148,sunshine coast,Oct-11,2011,10,150.0,83.0,162.0,70.0,34464,36932,71396,0,0,0,34464,36932,71396,153.0929,-26.655
4149,sunshine coast,Oct-12,2012,10,169.0,60.0,190.0,36.0,35579,37586,73165,0,0,0,35579,37586,73165,153.0929,-26.655
4150,sunshine coast,Oct-13,2013,10,171.0,98.0,211.0,61.0,40790,42214,83004,553,489,1042,41343,42703,84046,153.0929,-26.655
4151,sunshine coast,Oct-14,2014,10,210.0,48.0,227.0,34.0,39738,40931,80669,1022,1046,2068,40760,41977,82737,153.0929,-26.655
4152,sunshine coast,Oct-15,2015,10,206.0,70.0,231.0,46.0,43308,45063,88371,1104,1133,2237,44412,46196,90608,153.0929,-26.655
4153,sunshine coast,Oct-16,2016,10,197.0,121.0,244.0,75.0,47646,48922,96568,1663,1627,3290,49309,50549,99858,153.0929,-26.655
4154,sunshine coast,Oct-17,2017,10,236.0,120.0,293.0,68.0,53541,57037,110578,1882,1725,3607,55423,58762,114185,153.0929,-26.655
4155,sunshine coast,Oct-18,2018,10,177.0,193.0,240.0,132.0,56206,58514,114720,1583,1586,3169,57789,60100,117889,153.0929,-26.655
4156,sunshine coast,Oct-19,2019,10,211.0,173.0,271.0,114.0,59624,62335,121959,1252,1312,2564,60876,63647,124523,153.0929,-26.655
4157,sunshine coast,Oct-22,2022,10,220.0,221.0,282.0,160.0,67500,70500,138000,769,773,1542,68269,71273,139542,153.0929,-26.655
4158,sunshine coast,Oct-23,2023,10,261.0,149.0,300.0,111.0,83839,87512,171351,866,1073,1939,84705,88585,173290,153.0929,-26.655
4159,sunshine coast,Sep-04,2004,9,135.0,61.0,151.0,45.0,24529,23762,48291,0,0,0,24529,23762,48291,153.0929,-26.655
4160,sunshine coast,Sep-05,2005,9,200.0,52.0,220.0,32.0,34541,33265,67806,0,0,0,34541,33265,67806,153.0929,-26.655
4161,sunshine coast,Sep-06,2006,9,199.0,50.0,206.0,43.0,39123,39635,78758,0,0,0,39123,39635,78758,153.0929,-26.655
4162,sunshine coast,Sep-07,2007,9,169.0,50.0,182.0,43.0,35432,34693,70125,0,0,0,35432,34693,70125,153.0929,-26.655
4163,sunshine coast,Sep-08,2008,9,194.0,59.0,217.0,39.0,37607,37125,74732,0,0,0,37607,37125,74732,153.0929,-26.655
4164,sunshine coast,Sep-09,2009,9,195.0,40.0,209.0,30.0,35010,34510,69520,0,0,0,35010,34510,69520,153.0929,-26.655
4165,sunshine coast,Sep-10,2010,9,210.0,75.0,233.0,54.0,40102,37481,77583,0,0,0,40102,37481,77583,153.0929,-26.655
4166,sunshine coast,Sep-11,2011,9,189.0,50.0,202.0,37.0,36209,33826,70035,0,0,0,36209,33826,70035,153.0929,-26.655
4167,sunshine coast,Sep-12,2012,9,174.0,66.0,201.0,40.0,37430,35925,73355,606,791,1397,38036,36716,74752,153.0929,-26.655
4168,sunshine coast,Sep-13,2013,9,214.0,54.0,226.0,40.0,41230,39147,80377,1128,1136,2264,42358,40283,82641,153.0929,-26.655
4169,sunshine coast,Sep-14,2014,9,203.0,45.0,220.0,28.0,38614,37179,75793,1234,1210,2444,39848,38389,78237,153.0929,-26.655
4170,sunshine coast,Sep-15,2015,9,216.0,64.0,243.0,40.0,44012,41811,85823,1643,1593,3236,45655,43404,89059,153.0929,-26.655
4171,sunshine coast,Sep-16,2016,9,198.0,108.0,242.0,65.0,46247,44443,90690,1894,1746,3640,48141,46189,94330,153.0929,-26.655
4172,sunshine coast,Sep-17,2017,9,217.0,111.0,269.0,60.0,51975,48898,100873,1839,1731,3570,53814,50629,104443,153.0929,-26.655
4173,sunshine coast,Sep-18,2018,9,228.0,120.0,279.0,69.0,55141,53132,108273,1918,1727,3645,57059,54859,111918,153.0929,-26.655
4174,sunshine coast,Sep-19,2019,9,239.0,134.0,291.0,85.0,59157,56402,115559,2012,1844,3856,61169,58246,119415,153.0929,-26.655
4175,sunshine coast,Sep-22,2022,9,250.0,175.0,279.0,148.0,68869,65593,134462,1147,1224,2371,70016,66817,136833,153.0929,-26.655
4176,sunshine coast,Sep-23,2023,9,233.0,139.0,268.0,105.0,84121,81211,165332,1809,1791,3600,85930,83002,168932,153.0929,-26.655
4177,sydney,Apr-04,2004,4,5168.0,579.0,5175.0,566.0,738347,730672,1469019,347767,375887,723654,1086114,1106559,2192673,151.2093,-33.8688
4178,sydney,Apr-05,2005,4,4889.0,617.0,4879.0,647.0,782910,776208,1559118,362986,392668,755654,1145896,1168876,2314772,151.2093,-33.8688
4179,sydney,Apr-06,2006,4,4898.0,656.0,4827.0,741.0,829796,814262,1644058,390293,425042,815335,1220089,1239304,2459393,151.2093,-33.8688
4180,sydney,Apr-07,2007,4,5031.0,756.0,5131.0,673.0,890300,870655,1760955,410858,435630,846488,1301158,1306285,2607443,151.2093,-33.8688
4181,sydney,Apr-08,2008,4,5121.0,1943.0,4911.0,2150.0,924525,923029,1847554,408788,429247,838035,1333313,1352276,2685589,151.2093,-33.8688
4182,sydney,Apr-09,2009,4,5789.0,1098.0,5712.0,1161.0,920109,921212,1841321,429137,441485,870622,1349246,1362697,2711943,151.2093,-33.8688
4183,sydney,Apr-10,2010,4,6619.0,1013.0,6584.0,1048.0,1003151,995055,1998206,441331,445549,886880,1444482,1440604,2885086,151.2093,-33.8688
4184,sydney,Apr-11,2011,4,6100.0,1505.0,5958.0,1605.0,1024659,1014734,2039393,466420,499769,966189,1491079,1514503,3005582,151.2093,-33.8688
4185,sydney,Apr-12,2012,4,5982.0,1681.0,5907.0,1726.0,1002005,1002316,2004321,493981,507349,1001330,1495986,1509665,3005651,151.2093,-33.8688
4186,sydney,Apr-13,2013,4,6697.0,1430.0,6575.0,1571.0,1054470,1048890,2103360,507852,520156,1028008,1562322,1569046,3131368,151.2093,-33.8688
4187,sydney,Apr-14,2014,4,6851.0,1396.0,6869.0,1400.0,1054858,1046448,2101306,526287,566949,1093236,1581145,1613397,3194542,151.2093,-33.8688
4188,sydney,Apr-15,2015,4,6709.0,1749.0,6463.0,1977.0,1056659,1058151,2114810,547174,551891,1099065,1603833,1610042,3213875,151.2093,-33.8688
4189,sydney,Apr-16,2016,4,7616.0,1095.0,7654.0,1086.0,1105980,1120670,2226650,602761,612185,1214946,1708741,1732855,3441596,151.2093,-33.8688
4190,sydney,Apr-17,2017,4,7142.0,1459.0,7162.0,1426.0,1120311,1122762,2243073,664691,681401,1346092,1785002,1804163,3589165,151.2093,-33.8688
4191,sydney,Apr-18,2018,4,6923.0,1656.0,7010.0,1552.0,1164271,1149887,2314158,672810,700606,1373416,1837081,1850493,3687574,151.2093,-33.8688
4192,sydney,Apr-19,2019,4,6889.0,1805.0,6836.0,1840.0,1143091,1140011,2283102,681293,719809,1401102,1824384,1859820,3684204,151.2093,-33.8688
4193,sydney,Apr-20,2020,4,404.0,42.0,405.0,43.0,28082,20096,48178,7751,33619,41370,35833,53715,89548,151.2093,-33.8688
4194,sydney,Apr-21,2021,4,5168.0,1001.0,5354.0,812.0,750556,738789,1489345,21742,27003,48745,772298,765792,1538090,151.2093,-33.8688
4195,sydney,Apr-22,2022,4,4488.0,3221.0,4745.0,2960.0,971618,965691,1937309,259434,279098,538532,1231052,1244789,2475841,151.2093,-33.8688
4196,sydney,Apr-23,2023,4,5367.0,2222.0,5381.0,2197.0,989792,971078,1960870,560311,570535,1130846,1550103,1541613,3091716,151.2093,-33.8688
4197,sydney,Aug-04,2004,8,5564.0,767.0,5495.0,820.0,802825,790143,1592968,341799,370071,711870,1144624,1160214,2304838,151.2093,-33.8688
4198,sydney,Aug-05,2005,8,5143.0,588.0,5035.0,714.0,808299,791540,1599839,366335,400842,767177,1174634,1192382,2367016,151.2093,-33.8688
4199,sydney,Aug-06,2006,8,5203.0,636.0,5167.0,699.0,855423,839500,1694923,371197,400795,771992,1226620,1240295,2466915,151.2093,-33.8688
4200,sydney,Aug-07,2007,8,4963.0,1102.0,5046.0,1027.0,922071,909550,1831621,408691,424699,833390,1330762,1334249,2665011,151.2093,-33.8688
4201,sydney,Aug-08,2008,8,5144.0,2054.0,4954.0,2232.0,934693,923241,1857934,414252,435894,850146,1348945,1359135,2708080,151.2093,-33.8688
4202,sydney,Aug-09,2009,8,6100.0,911.0,6075.0,937.0,943864,938179,1882043,433893,430252,864145,1377757,1368431,2746188,151.2093,-33.8688
4203,sydney,Aug-10,2010,8,6232.0,1330.0,6094.0,1452.0,1023426,1009868,2033294,457069,471363,928432,1480495,1481231,2961726,151.2093,-33.8688
4204,sydney,Aug-11,2011,8,6456.0,1182.0,6175.0,1431.0,1010698,993479,2004177,462526,475601,938127,1473224,1469080,2942304,151.2093,-33.8688
4205,sydney,Aug-12,2012,8,6845.0,1493.0,6589.0,1744.0,1060628,1041343,2101971,490990,513955,1004945,1551618,1555298,3106916,151.2093,-33.8688
4206,sydney,Aug-13,2013,8,6974.0,1228.0,6807.0,1431.0,1076609,1058103,2134712,523344,542194,1065538,1599953,1600297,3200250,151.2093,-33.8688
4207,sydney,Aug-14,2014,8,6954.0,1547.0,6862.0,1650.0,1072351,1056340,2128691,524448,551983,1076431,1596799,1608323,3205122,151.2093,-33.8688
4208,sydney,Aug-15,2015,8,7942.0,856.0,7938.0,853.0,1080332,1065663,2145995,553594,567291,1120885,1633926,1632954,3266880,151.2093,-33.8688
4209,sydney,Aug-16,2016,8,7937.0,1145.0,7932.0,1145.0,1112898,1096154,2209052,601925,608827,1210752,1714823,1704981,3419804,151.2093,-33.8688
4210,sydney,Aug-17,2017,8,7281.0,1643.0,7154.0,1764.0,1125981,1110360,2236341,644683,655860,1300543,1770664,1766220,3536884,151.2093,-33.8688
4211,sydney,Aug-18,2018,8,7007.0,1750.0,6940.0,1798.0,1169183,1156881,2326064,675440,686667,1362107,1844623,1843548,3688171,151.2093,-33.8688
4212,sydney,Aug-19,2019,8,6223.0,2384.0,5996.0,2607.0,1154302,1141216,2295518,688054,695834,1383888,1842356,1837050,3679406,151.2093,-33.8688
4213,sydney,Aug-20,2020,8,586.0,70.0,590.0,67.0,55176,35022,90198,9825,28770,38595,65001,63792,128793,151.2093,-33.8688
4214,sydney,Aug-21,2021,8,386.0,48.0,403.0,37.0,13222,11544,24766,7955,18448,26403,21177,29992,51169,151.2093,-33.8688
4215,sydney,Aug-22,2022,8,5042.0,2464.0,5128.0,2368.0,934771,926384,1861155,420285,385639,805924,1355056,1312023,2667079,151.2093,-33.8688
4216,sydney,Aug-23,2023,8,5822.0,2062.0,5681.0,2192.0,1017021,1001240,2018261,624566,612723,1237289,1641587,1613963,3255550,151.2093,-33.8688
4217,sydney,Dec-04,2004,12,5198.0,1089.0,4851.0,1151.0,779341,769148,1548489,415329,465818,881147,1194670,1234966,2429636,151.2093,-33.8688
4218,sydney,Dec-05,2005,12,4577.0,870.0,4563.0,915.0,816383,806754,1623137,426049,479488,905537,1242432,1286242,2528674,151.2093,-33.8688
4219,sydney,Dec-06,2006,12,4960.0,988.0,4931.0,1052.0,899097,873635,1772732,453427,505143,958570,1352524,1378778,2731302,151.2093,-33.8688
4220,sydney,Dec-07,2007,12,4384.0,1716.0,4381.0,1747.0,938335,918679,1857014,460496,521864,982360,1398831,1440543,2839374,151.2093,-33.8688
4221,sydney,Dec-08,2008,12,5349.0,1666.0,5199.0,1802.0,933356,928606,1861962,453228,511267,964495,1386584,1439873,2826457,151.2093,-33.8688
4222,sydney,Dec-09,2009,12,5984.0,1239.0,5924.0,1304.0,993441,979947,1973388,498977,563379,1062356,1492418,1543326,3035744,151.2093,-33.8688
4223,sydney,Dec-10,2010,12,5856.0,1958.0,5668.0,2144.0,1073348,1055700,2129048,514182,588240,1102422,1587530,1643940,3231470,151.2093,-33.8688
4224,sydney,Dec-11,2011,12,6065.0,1480.0,5802.0,1751.0,1023737,1010189,2033926,516227,594998,1111225,1539964,1605187,3145151,151.2093,-33.8688
4225,sydney,Dec-12,2012,12,6247.0,1730.0,5996.0,1978.0,1078993,1053709,2132702,556732,634944,1191676,1635725,1688653,3324378,151.2093,-33.8688
4226,sydney,Dec-13,2013,12,6981.0,1279.0,6891.0,1385.0,1113579,1096486,2210065,578786,671972,1250758,1692365,1768458,3460823,151.2093,-33.8688
4227,sydney,Dec-14,2014,12,6712.0,1742.0,6628.0,1812.0,1100833,1088258,2189091,593553,686169,1279722,1694386,1774427,3468813,151.2093,-33.8688
4228,sydney,Dec-15,2015,12,7169.0,1748.0,7240.0,1691.0,1157667,1146169,2303836,643342,745391,1388733,1801009,1891560,3692569,151.2093,-33.8688
4229,sydney,Dec-16,2016,12,7031.0,1815.0,6999.0,1852.0,1162146,1165002,2327148,681661,787236,1468897,1843807,1952238,3796045,151.2093,-33.8688
4230,sydney,Dec-17,2017,12,6642.0,2018.0,6648.0,2010.0,1186961,1189870,2376831,720485,834514,1554999,1907446,2024384,3931830,151.2093,-33.8688
4231,sydney,Dec-18,2018,12,5992.0,2425.0,5869.0,2533.0,1155410,1161411,2316821,734848,866372,1601220,1890258,2027783,3918041,151.2093,-33.8688
4232,sydney,Dec-19,2019,12,5635.0,2875.0,5463.0,3021.0,1167955,1180842,2348797,728207,871647,1599854,1896162,2052489,3948651,151.2093,-33.8688
4233,sydney,Dec-20,2020,12,2678.0,479.0,2743.0,405.0,322699,336374,659073,16152,26436,42588,338851,362810,701661,151.2093,-33.8688
4234,sydney,Dec-21,2021,12,4177.0,866.0,4304.0,761.0,454384,494734,949118,112764,129642,242406,567148,624376,1191524,151.2093,-33.8688
4235,sydney,Dec-22,2022,12,5305.0,2285.0,5354.0,2225.0,964858,971746,1936604,529261,621131,1150392,1494119,1592877,3086996,151.2093,-33.8688
4236,sydney,Feb-04,2004,2,4864.0,570.0,4849.0,578.0,690396,686112,1376508,368353,339747,708100,1058749,1025859,2084608,151.2093,-33.8688
4237,sydney,Feb-05,2005,2,4423.0,716.0,4355.0,789.0,732269,725748,1458017,393734,364324,758058,1126003,1090072,2216075,151.2093,-33.8688
4238,sydney,Feb-06,2006,2,4684.0,551.0,4599.0,663.0,738344,733853,1472197,411471,371274,782745,1149815,1105127,2254942,151.2093,-33.8688
4239,sydney,Feb-07,2007,2,4677.0,753.0,4646.0,801.0,804202,804149,1608351,431862,386756,818618,1236064,1190905,2426969,151.2093,-33.8688
4240,sydney,Feb-08,2008,2,5078.0,1720.0,4808.0,1968.0,895723,902132,1797855,475823,411452,887275,1371546,1313584,2685130,151.2093,-33.8688
4241,sydney,Feb-09,2009,2,5232.0,1200.0,5045.0,1372.0,834495,839110,1673605,428010,373914,801924,1262505,1213024,2475529,151.2093,-33.8688
4242,sydney,Feb-10,2010,2,5566.0,1234.0,5437.0,1360.0,940950,936409,1877359,474091,424962,899053,1415041,1361371,2776412,151.2093,-33.8688
4243,sydney,Feb-11,2011,2,5184.0,1782.0,4751.0,2200.0,925854,929005,1854859,487786,428500,916286,1413640,1357505,2771145,151.2093,-33.8688
4244,sydney,Feb-12,2012,2,5907.0,1404.0,5545.0,1753.0,922882,932060,1854942,502187,438793,940980,1425069,1370853,2795922,151.2093,-33.8688
4245,sydney,Feb-13,2013,2,5318.0,1945.0,5016.0,2245.0,938481,940265,1878746,513791,460487,974278,1452272,1400752,2853024,151.2093,-33.8688
4246,sydney,Feb-14,2014,2,6640.0,805.0,6548.0,905.0,966175,953742,1919917,541240,495993,1037233,1507415,1449735,2957150,151.2093,-33.8688
4247,sydney,Feb-15,2015,2,6919.0,835.0,6705.0,1035.0,973110,970584,1943694,563101,503262,1066363,1536211,1473846,3010057,151.2093,-33.8688
4248,sydney,Feb-16,2016,2,7457.0,965.0,7581.0,847.0,1056881,1054242,2111123,636639,567917,1204556,1693520,1622159,3315679,151.2093,-33.8688
4249,sydney,Feb-17,2017,2,6549.0,1640.0,6316.0,1870.0,1029813,1028231,2058044,655651,570218,1225869,1685464,1598449,3283913,151.2093,-33.8688
4250,sydney,Feb-18,2018,2,6759.0,1217.0,6638.0,1326.0,1065983,1071878,2137861,696311,617701,1314012,1762294,1689579,3451873,151.2093,-33.8688
4251,sydney,Feb-19,2019,2,6535.0,1431.0,6416.0,1534.0,1041047,1041948,2082995,707952,612960,1320912,1748999,1654908,3403907,151.2093,-33.8688
4252,sydney,Feb-20,2020,2,5726.0,2146.0,5469.0,2393.0,1003957,983714,1987671,595097,506896,1101993,1599054,1490610,3089664,151.2093,-33.8688
4253,sydney,Feb-21,2021,2,2213.0,289.0,2278.0,212.0,292959,302746,595705,9983,14635,24618,302942,317381,620323,151.2093,-33.8688
4254,sydney,Feb-22,2022,2,3632.0,775.0,3655.0,752.0,494968,506011,1000979,134032,88762,222794,629000,594773,1223773,151.2093,-33.8688
4255,sydney,Feb-23,2023,2,4900.0,2142.0,4833.0,2180.0,861434,863783,1725217,566934,453954,1020888,1428368,1317737,2746105,151.2093,-33.8688
4256,sydney,Jan-04,2004,1,4838.0,649.0,4845.0,610.0,740180,730981,1471161,435635,417236,852871,1175815,1148217,2324032,151.2093,-33.8688
4257,sydney,Jan-05,2005,1,4806.0,658.0,4807.0,669.0,765225,754662,1519887,496729,456965,953694,1261954,1211627,2473581,151.2093,-33.8688
4258,sydney,Jan-06,2006,1,4742.0,697.0,4595.0,744.0,805166,794957,1600123,511247,457754,969001,1316413,1252711,2569124,151.2093,-33.8688
4259,sydney,Jan-07,2007,1,5114.0,623.0,5066.0,681.0,865607,863803,1729410,523596,479313,1002909,1389203,1343116,2732319,151.2093,-33.8688
4260,sydney,Jan-08,2008,1,4675.0,1300.0,4710.0,1270.0,906628,910069,1816697,548467,478227,1026694,1455095,1388296,2843391,151.2093,-33.8688
4261,sydney,Jan-09,2009,1,5927.0,989.0,5907.0,1006.0,917544,929969,1847513,539079,457378,996457,1456623,1387347,2843970,151.2093,-33.8688
4262,sydney,Jan-10,2010,1,6115.0,886.0,6026.0,963.0,938593,953550,1892143,589167,521511,1110678,1527760,1475061,3002821,151.2093,-33.8688
4263,sydney,Jan-11,2011,1,6127.0,1387.0,6041.0,1463.0,990667,996394,1987061,617807,541526,1159333,1608474,1537920,3146394,151.2093,-33.8688
4264,sydney,Jan-12,2012,1,5803.0,1431.0,5578.0,1625.0,976748,994534,1971282,636764,544134,1180898,1613512,1538668,3152180,151.2093,-33.8688
4265,sydney,Jan-13,2013,1,5961.0,1754.0,6030.0,1685.0,1021964,1040218,2062182,651121,559445,1210566,1673085,1599663,3272748,151.2093,-33.8688
4266,sydney,Jan-14,2014,1,7202.0,788.0,7231.0,781.0,1065915,1082908,2148823,698668,608317,1306985,1764583,1691225,3455808,151.2093,-33.8688
4267,sydney,Jan-15,2015,1,7120.0,998.0,7043.0,1049.0,1039522,1046901,2086423,711721,614666,1326387,1751243,1661567,3412810,151.2093,-33.8688
4268,sydney,Jan-16,2016,1,6609.0,1819.0,6785.0,1636.0,1104447,1113703,2218150,781878,675908,1457786,1886325,1789611,3675936,151.2093,-33.8688
4269,sydney,Jan-17,2017,1,7382.0,1162.0,7359.0,1143.0,1127330,1128197,2255527,835438,724531,1559969,1962768,1852728,3815496,151.2093,-33.8688
4270,sydney,Jan-18,2018,1,6977.0,1401.0,7014.0,1336.0,1153562,1141771,2295333,852699,733634,1586333,2006261,1875405,3881666,151.2093,-33.8688
4271,sydney,Jan-19,2019,1,6655.0,1639.0,6570.0,1705.0,1151296,1138031,2289327,887489,768912,1656401,2038785,1906943,3945728,151.2093,-33.8688
4272,sydney,Jan-20,2020,1,5687.0,2401.0,5520.0,2541.0,1142353,1131604,2273957,877231,775800,1653031,2019584,1907404,3926988,151.2093,-33.8688
4273,sydney,Jan-21,2021,1,1189.0,107.0,1181.0,106.0,114029,82773,196802,11032,20684,31716,125061,103457,228518,151.2093,-33.8688
4274,sydney,Jan-22,2022,1,4059.0,628.0,4102.0,592.0,485546,464651,950197,153721,103167,256888,639267,567818,1207085,151.2093,-33.8688
4275,sydney,Jan-23,2023,1,5548.0,1822.0,5606.0,1714.0,948915,939497,1888412,671268,574067,1245335,1620183,1513564,3133747,151.2093,-33.8688
4276,sydney,Jul-04,2004,7,5399.0,871.0,5399.0,865.0,794005,803495,1597500,424147,375074,799221,1218152,1178569,2396721,151.2093,-33.8688
4277,sydney,Jul-05,2005,7,4964.0,788.0,4940.0,815.0,811517,818050,1629567,455890,400072,855962,1267407,1218122,2485529,151.2093,-33.8688
4278,sydney,Jul-06,2006,7,4736.0,1106.0,4840.0,1022.0,870269,877332,1747601,469131,393768,862899,1339400,1271100,2610500,151.2093,-33.8688
4279,sydney,Jul-07,2007,7,4439.0,1566.0,4559.0,1457.0,927254,930555,1857809,484746,411228,895974,1412000,1341783,2753783,151.2093,-33.8688
4280,sydney,Jul-08,2008,7,4872.0,2418.0,4775.0,2492.0,967956,987362,1955318,523633,457958,981591,1491589,1445320,2936909,151.2093,-33.8688
4281,sydney,Jul-09,2009,7,5964.0,1128.0,5973.0,1113.0,930385,960770,1891155,494278,447070,941348,1424663,1407840,2832503,151.2093,-33.8688
4282,sydney,Jul-10,2010,7,6072.0,1896.0,6027.0,1939.0,1028127,1054596,2082723,546386,469414,1015800,1574513,1524010,3098523,151.2093,-33.8688
4283,sydney,Jul-11,2011,7,5680.0,1903.0,5365.0,2229.0,1022596,1041581,2064177,563461,476698,1040159,1586057,1518279,3104336,151.2093,-33.8688
4284,sydney,Jul-12,2012,7,6470.0,1743.0,6379.0,1800.0,1049721,1064864,2114585,585208,491435,1076643,1634929,1556299,3191228,151.2093,-33.8688
4285,sydney,Jul-13,2013,7,6809.0,1594.0,6656.0,1757.0,1101767,1102001,2203768,609690,529985,1139675,1711457,1631986,3343443,151.2093,-33.8688
4286,sydney,Jul-14,2014,7,7298.0,1375.0,7278.0,1410.0,1088070,1090076,2178146,613345,528745,1142090,1701415,1618821,3320236,151.2093,-33.8688
4287,sydney,Jul-15,2015,7,7565.0,1414.0,7395.0,1564.0,1134247,1139638,2273885,643544,567433,1210977,1777791,1707071,3484862,151.2093,-33.8688
4288,sydney,Jul-16,2016,7,7000.0,2077.0,6956.0,2118.0,1154741,1177544,2332285,719961,627148,1347109,1874702,1804692,3679394,151.2093,-33.8688
4289,sydney,Jul-17,2017,7,7170.0,1917.0,7208.0,1864.0,1180867,1187367,2368234,760491,662542,1423033,1941358,1849909,3791267,151.2093,-33.8688
4290,sydney,Jul-18,2018,7,6739.0,2202.0,6733.0,2173.0,1185423,1217202,2402625,793662,696321,1489983,1979085,1913523,3892608,151.2093,-33.8688
4291,sydney,Jul-19,2019,7,6665.0,2449.0,6581.0,2512.0,1179466,1208057,2387523,758328,692756,1451084,1937794,1900813,3838607,151.2093,-33.8688
4292,sydney,Jul-20,2020,7,1028.0,184.0,1089.0,129.0,134227,140497,274724,12877,29798,42675,147104,170295,317399,151.2093,-33.8688
4293,sydney,Jul-21,2021,7,996.0,89.0,998.0,101.0,40553,27111,67664,12380,19811,32191,52933,46922,99855,151.2093,-33.8688
4294,sydney,Jul-22,2022,7,3612.0,3880.0,3746.0,3731.0,991750,998766,1990516,449878,404429,854307,1441628,1403195,2844823,151.2093,-33.8688
4295,sydney,Jul-23,2023,7,5393.0,2495.0,5464.0,2395.0,1025041,1047334,2072375,705713,602013,1307726,1730754,1649347,3380101,151.2093,-33.8688
4296,sydney,Jun-04,2004,6,5434.0,513.0,5448.0,475.0,717618,709698,1427316,316365,356497,672862,1033983,1066195,2100178,151.2093,-33.8688
4297,sydney,Jun-05,2005,6,4756.0,820.0,4614.0,966.0,731150,724242,1455392,335529,377683,713212,1066679,1101925,2168604,151.2093,-33.8688
4298,sydney,Jun-06,2006,6,4403.0,1094.0,4334.0,1173.0,778195,775428,1553623,349258,399074,748332,1127453,1174502,2301955,151.2093,-33.8688
4299,sydney,Jun-07,2007,6,4313.0,1471.0,4252.0,1559.0,826499,834486,1660985,372426,412629,785055,1198925,1247115,2446040,151.2093,-33.8688
4300,sydney,Jun-08,2008,6,4949.0,2002.0,4668.0,2252.0,863582,860229,1723811,379389,415481,794870,1242971,1275710,2518681,151.2093,-33.8688
4301,sydney,Jun-09,2009,6,5588.0,1112.0,5505.0,1180.0,828894,819146,1648040,363355,404533,767888,1192249,1223679,2415928,151.2093,-33.8688
4302,sydney,Jun-10,2010,6,5962.0,1474.0,5776.0,1659.0,938476,929688,1868164,402125,465000,867125,1340601,1394688,2735289,151.2093,-33.8688
4303,sydney,Jun-11,2011,6,5735.9219753,1390.0780247,5530.01,1606.99,901802,905444,1807246,404433,480056,884489,1306235,1385500,2691735,151.2093,-33.8688
4304,sydney,Jun-12,2012,6,5985.0,1235.0,5772.0,1444.0,946941,943508,1890449,447918,531028,978946,1394859,1474536,2869395,151.2093,-33.8688
4305,sydney,Jun-13,2013,6,6126.0,1596.0,5963.0,1777.0,972477,974320,1946797,466995,542461,1009456,1439472,1516781,2956253,151.2093,-33.8688
4306,sydney,Jun-14,2014,6,6780.0,1191.0,6671.0,1322.0,972837,972810,1945647,463814,565678,1029492,1436651,1538488,2975139,151.2093,-33.8688
4307,sydney,Jun-15,2015,6,7550.0,912.0,7459.0,994.0,983350,995667,1979017,487652,572404,1060056,1471002,1568071,3039073,151.2093,-33.8688
4308,sydney,Jun-16,2016,6,6933.0,1376.0,6808.0,1501.0,1032639,1022740,2055379,524116,616675,1140791,1556755,1639415,3196170,151.2093,-33.8688
4309,sydney,Jun-17,2017,6,6792.0,1567.0,6707.0,1638.0,1060307,1056841,2117148,569557,673314,1242871,1629864,1730155,3360019,151.2093,-33.8688
4310,sydney,Jun-18,2018,6,6141.0,2062.0,6084.0,2136.0,1075953,1052376,2128329,592992,702206,1295198,1668945,1754582,3423527,151.2093,-33.8688
4311,sydney,Jun-19,2019,6,6311.0,1951.0,6114.0,2132.0,1056674,1037459,2094133,609046,697055,1306101,1665720,1734514,3400234,151.2093,-33.8688
4312,sydney,Jun-20,2020,6,511.0,50.0,524.0,34.0,74605,65547,140152,12537,21934,34471,87142,87481,174623,151.2093,-33.8688
4313,sydney,Jun-21,2021,6,4075.0,649.0,4067.0,664.0,453658,451817,905475,39699,40536,80235,493357,492353,985710,151.2093,-33.8688
4314,sydney,Jun-22,2022,6,4552.0,2917.0,4775.0,2692.0,939255,934024,1873279,319268,376620,695888,1258523,1310644,2569167,151.2093,-33.8688
4315,sydney,Jun-23,2023,6,5429.0,2139.0,5244.0,2301.0,953000,941898,1894898,543365,626860,1170225,1496365,1568758,3065123,151.2093,-33.8688
4316,sydney,Mar-04,2004,3,5556.0,404.0,5551.0,394.0,764407,750093,1514500,338145,372811,710956,1102552,1122904,2225456,151.2093,-33.8688
4317,sydney,Mar-05,2005,3,4824.0,780.0,4884.0,827.0,821009,808468,1629477,385399,405235,790634,1206408,1213703,2420111,151.2093,-33.8688
4318,sydney,Mar-06,2006,3,5227.0,603.0,5146.0,732.0,824597,819359,1643956,378684,401512,780196,1203281,1220871,2424152,151.2093,-33.8688
4319,sydney,Mar-07,2007,3,5109.0,962.0,5160.0,941.0,916442,901634,1818076,428333,444210,872543,1344775,1345844,2690619,151.2093,-33.8688
4320,sydney,Mar-08,2008,3,5880.0,1390.0,5767.0,1506.0,979421,970095,1949516,443531,457485,901016,1422952,1427580,2850532,151.2093,-33.8688
4321,sydney,Mar-09,2009,3,6279.0,899.0,6251.0,913.0,939082,935750,1874832,410673,411020,821693,1349755,1346770,2696525,151.2093,-33.8688
4322,sydney,Mar-10,2010,3,6454.0,1253.0,6307.0,1388.0,1024000,1027486,2051486,451545,474798,926343,1475545,1502284,2977829,151.2093,-33.8688
4323,sydney,Mar-11,2011,3,6172.0,1792.0,5724.0,2228.0,1039009,1034790,2073799,446942,456003,902945,1485951,1490793,2976744,151.2093,-33.8688
4324,sydney,Mar-12,2012,3,5977.0,1852.0,5635.0,2191.0,1045541,1031426,2076967,473869,498448,972317,1519410,1529874,3049284,151.2093,-33.8688
4325,sydney,Mar-13,2013,3,6196.0,1920.0,5960.0,2177.0,1063795,1050688,2114483,507531,532984,1040515,1571326,1583672,3154998,151.2093,-33.8688
4326,sydney,Mar-14,2014,3,6968.0,1365.0,6828.0,1530.0,1075212,1065090,2140302,513803,530525,1044328,1589015,1595615,3184630,151.2093,-33.8688
4327,sydney,Mar-15,2015,3,7691.0,1104.0,7472.0,1297.0,1105157,1095693,2200850,557245,579473,1136718,1662402,1675166,3337568,151.2093,-33.8688
4328,sydney,Mar-16,2016,3,7550.0,1480.0,7590.0,1462.0,1162751,1135735,2298486,601343,625198,1226541,1764094,1760933,3525027,151.2093,-33.8688
4329,sydney,Mar-17,2017,3,6678.0,2370.0,6293.0,2746.0,1174197,1156629,2330826,614723,629062,1243785,1788920,1785691,3574611,151.2093,-33.8688
4330,sydney,Mar-18,2018,3,7050.0,1851.0,7054.0,1849.0,1207474,1205485,2412959,676261,692921,1369182,1883735,1898406,3782141,151.2093,-33.8688
4331,sydney,Mar-19,2019,3,6680.0,2162.0,6631.0,2186.0,1168035,1163665,2331700,656438,672111,1328549,1824473,1835776,3660249,151.2093,-33.8688
4332,sydney,Mar-20,2020,3,5191.0,1069.0,5155.0,1095.0,657237,661525,1318762,341102,344459,685561,998339,1005984,2004323,151.2093,-33.8688
4333,sydney,Mar-21,2021,3,4181.0,713.0,4212.0,660.0,556632,564536,1121168,13957,15381,29338,570589,579917,1150506,151.2093,-33.8688
4334,sydney,Mar-22,2022,3,4724.0,1639.0,4808.0,1557.0,749213,751972,1501185,177024,160206,337230,926237,912178,1838415,151.2093,-33.8688
4335,sydney,Mar-23,2023,3,5585.0,2462.0,5486.0,2520.0,1031011,1047451,2078462,551400,551878,1103278,1582411,1599329,3181740,151.2093,-33.8688
4336,sydney,May-04,2004,5,5576.0,452.0,5607.0,413.0,715555,705358,1420913,302528,345225,647753,1018083,1050583,2068666,151.2093,-33.8688
4337,sydney,May-05,2005,5,5024.0,628.0,5017.0,644.0,752079,738672,1490751,307917,359894,667811,1059996,1098566,2158562,151.2093,-33.8688
4338,sydney,May-06,2006,5,5050.0,649.0,5141.0,696.0,800145,787082,1587227,330210,364815,695025,1130355,1151897,2282252,151.2093,-33.8688
4339,sydney,May-07,2007,5,5281.0,738.0,5295.0,744.0,853898,842286,1696184,343849,379611,723460,1197747,1221897,2419644,151.2093,-33.8688
4340,sydney,May-08,2008,5,5958.0,1371.0,5911.0,1429.0,910979,898618,1809597,375114,408669,783783,1286093,1307287,2593380,151.2093,-33.8688
4341,sydney,May-09,2009,5,6138.0,788.0,6084.0,825.0,863230,854928,1718158,364220,395190,759410,1227450,1250118,2477568,151.2093,-33.8688
4342,sydney,May-10,2010,5,6619.0,1161.0,6423.0,1357.0,954506,949785,1904291,380176,422964,803140,1334682,1372749,2707431,151.2093,-33.8688
4343,sydney,May-11,2011,5,6583.0,1177.0,6300.0,1447.0,978205,970336,1948541,409295,443458,852753,1387500,1413794,2801294,151.2093,-33.8688
4344,sydney,May-12,2012,5,6523.0,1095.0,6432.0,1177.0,986288,970793,1957081,415903,460344,876247,1402191,1431137,2833328,151.2093,-33.8688
4345,sydney,May-13,2013,5,6741.0,1304.0,6490.0,1563.0,1004327,991223,1995550,447696,488558,936254,1452023,1479781,2931804,151.2093,-33.8688
4346,sydney,May-14,2014,5,7326.0,967.0,7402.0,913.0,1017429,1001898,2019327,483268,509089,992357,1500697,1510987,3011684,151.2093,-33.8688
4347,sydney,May-15,2015,5,7501.0,1064.0,7347.0,1214.0,1029545,1017224,2046769,488608,519255,1007863,1518153,1536479,3054632,151.2093,-33.8688
4348,sydney,May-16,2016,5,7560.0,1096.0,7562.0,1090.0,1072295,1055096,2127391,526968,555830,1082798,1599263,1610926,3210189,151.2093,-33.8688
4349,sydney,May-17,2017,5,7637.0,1105.0,7725.0,1000.0,1095571,1085506,2181077,562979,593638,1156617,1658550,1679144,3337694,151.2093,-33.8688
4350,sydney,May-18,2018,5,7103.0,1461.0,7016.0,1541.0,1115328,1093690,2209018,605693,624178,1229871,1721021,1717868,3438889,151.2093,-33.8688
4351,sydney,May-19,2019,5,7225.0,1532.0,7102.0,1634.0,1112636,1105077,2217713,641103,658543,1299646,1753739,1763620,3517359,151.2093,-33.8688
4352,sydney,May-20,2020,5,219.0,21.0,217.0,23.0,33504,28774,62278,10119,20218,30337,43623,48992,92615,151.2093,-33.8688
4353,sydney,May-21,2021,5,5280.0,978.0,5321.0,924.0,676101,671249,1347350,41234,42708,83942,717335,713957,1431292,151.2093,-33.8688
4354,sydney,May-22,2022,5,5055.0,2949.0,5155.0,2824.0,917829,913466,1831295,287411,289660,577071,1205240,1203126,2408366,151.2093,-33.8688
4355,sydney,May-23,2023,5,5763.0,2077.0,5674.0,2139.0,966916,964192,1931108,534733,553471,1088204,1501649,1517663,3019312,151.2093,-33.8688
4356,sydney,Nov-04,2004,11,5436.0,667.0,5333.0,760.0,792152,780483,1572635,368157,387595,755752,1160309,1168078,2328387,151.2093,-33.8688
4357,sydney,Nov-05,2005,11,4501.0,935.0,4489.0,963.0,830110,812957,1643067,376786,395538,772324,1206896,1208495,2415391,151.2093,-33.8688
4358,sydney,Nov-06,2006,11,4880.0,1031.0,4885.0,1045.0,905894,898131,1804025,407704,412837,820541,1313598,1310968,2624566,151.2093,-33.8688
4359,sydney,Nov-07,2007,11,4571.0,1470.0,4416.0,1644.0,947058,939317,1886375,431052,437608,868660,1378110,1376925,2755035,151.2093,-33.8688
4360,sydney,Nov-08,2008,11,5440.0,1676.0,5216.0,1897.0,933541,925255,1858796,418604,418200,836804,1352145,1343455,2695600,151.2093,-33.8688
4361,sydney,Nov-09,2009,11,6061.0,1260.0,5906.0,1412.0,1004912,997604,2002516,440305,453940,894245,1445217,1451544,2896761,151.2093,-33.8688
4362,sydney,Nov-10,2010,11,6236.0,1480.0,6071.0,1652.0,1056752,1051838,2108590,465698,478625,944323,1522450,1530463,3052913,151.2093,-33.8688
4363,sydney,Nov-11,2011,11,5773.0,1727.0,5434.0,2047.0,1023583,1019531,2043114,471165,480997,952162,1494748,1500528,2995276,151.2093,-33.8688
4364,sydney,Nov-12,2012,11,6481.0,1640.0,6157.0,1953.0,1098924,1093331,2192255,503626,522024,1025650,1602550,1615355,3217905,151.2093,-33.8688
4365,sydney,Nov-13,2013,11,6357.0,1694.0,6071.0,2008.0,1088671,1080518,2169189,530129,542880,1073009,1618800,1623398,3242198,151.2093,-33.8688
4366,sydney,Nov-14,2014,11,7045.0,1176.0,6907.0,1302.0,1088111,1083123,2171234,542097,546503,1088600,1630208,1629626,3259834,151.2093,-33.8688
4367,sydney,Nov-15,2015,11,7055.0,1695.0,7095.0,1642.0,1135940,1126558,2262498,570432,579909,1150341,1706372,1706467,3412839,151.2093,-33.8688
4368,sydney,Nov-16,2016,11,7028.0,1852.0,7003.0,1866.0,1170274,1167166,2337440,605826,622927,1228753,1776100,1790093,3566193,151.2093,-33.8688
4369,sydney,Nov-17,2017,11,6993.0,1834.0,6967.0,1867.0,1206765,1204038,2410803,644589,666967,1311556,1851354,1871005,3722359,151.2093,-33.8688
4370,sydney,Nov-18,2018,11,6230.0,2367.0,6284.0,2291.0,1190236,1191362,2381598,663086,684189,1347275,1853322,1875551,3728873,151.2093,-33.8688
4371,sydney,Nov-19,2019,11,6141.0,2454.0,5980.0,2607.0,1190189,1188233,2378422,677641,682256,1359897,1867830,1870489,3738319,151.2093,-33.8688
4372,sydney,Nov-20,2020,11,1277.0,190.0,1273.0,190.0,158324,148823,307147,15900,24368,40268,174224,173191,347415,151.2093,-33.8688
4373,sydney,Nov-21,2021,11,1902.0,300.0,1912.0,299.0,205713,200654,406367,42178,49870,92048,247891,250524,498415,151.2093,-33.8688
4374,sydney,Nov-22,2022,11,4738.0,2709.0,4771.0,2648.0,1002829,992588,1995417,484849,489552,974401,1487678,1482140,2969818,151.2093,-33.8688
4375,sydney,Nov-23,2023,11,4592.0,2931.0,4550.0,2946.0,1080530,1067998,2148528,624043,641640,1265683,1704573,1709638,3414211,151.2093,-33.8688
4376,sydney,Oct-04,2004,10,5234.0,1097.0,5286.0,1027.0,833327,828760,1662087,419236,351899,771135,1252563,1180659,2433222,151.2093,-33.8688
4377,sydney,Oct-05,2005,10,4905.0,786.0,4907.0,803.0,851732,842282,1694014,440647,360488,801135,1292379,1202770,2495149,151.2093,-33.8688
4378,sydney,Oct-06,2006,10,5290.0,738.0,5325.0,730.0,919862,924316,1844178,467976,397497,865473,1387838,1321813,2709651,151.2093,-33.8688
4379,sydney,Oct-07,2007,10,4828.0,1351.0,4840.0,1356.0,975244,986566,1961810,493139,408634,901773,1468383,1395200,2863583,151.2093,-33.8688
4380,sydney,Oct-08,2008,10,5313.0,2141.0,5113.0,2324.0,1009860,1016649,2026509,484575,397692,882267,1494435,1414341,2908776,151.2093,-33.8688
4381,sydney,Oct-09,2009,10,5939.0,1570.0,5915.0,1602.0,1041829,1055951,2097780,523927,451566,975493,1565756,1507517,3073273,151.2093,-33.8688
4382,sydney,Oct-10,2010,10,6204.0,1694.0,6082.0,1816.0,1098050,1091897,2189947,549162,459725,1008887,1647212,1551622,3198834,151.2093,-33.8688
4383,sydney,Oct-11,2011,10,5882.0,1601.0,5664.0,1808.0,1032168,1027640,2059808,566982,463447,1030429,1599150,1491087,3090237,151.2093,-33.8688
4384,sydney,Oct-12,2012,10,6954.0,1472.0,6865.0,1554.0,1111778,1107024,2218802,582555,480934,1063489,1694333,1587958,3282291,151.2093,-33.8688
4385,sydney,Oct-13,2013,10,6642.0,1916.0,6335.0,2228.0,1149680,1144501,2294181,610674,497724,1108398,1760354,1642225,3402579,151.2093,-33.8688
4386,sydney,Oct-14,2014,10,7669.0,1257.0,7565.0,1349.0,1174641,1172420,2347061,616131,519670,1135801,1790772,1692090,3482862,151.2093,-33.8688
4387,sydney,Oct-15,2015,10,7868.0,1255.0,7789.0,1335.0,1176002,1166705,2342707,639213,552224,1191437,1815215,1718929,3534144,151.2093,-33.8688
4388,sydney,Oct-16,2016,10,7437.0,1677.0,7372.0,1719.0,1202970,1174544,2377514,693223,588318,1281541,1896193,1762862,3659055,151.2093,-33.8688
4389,sydney,Oct-17,2017,10,7016.0,2007.0,7022.0,1973.0,1234112,1210014,2444126,727017,618485,1345502,1961129,1828499,3789628,151.2093,-33.8688
4390,sydney,Oct-18,2018,10,6494.0,2693.0,6324.0,2841.0,1241043,1241669,2482712,779641,656652,1436293,2020684,1898321,3919005,151.2093,-33.8688
4391,sydney,Oct-19,2019,10,6665.0,2580.0,6557.0,2671.0,1276535,1267353,2543888,759129,665258,1424387,2035664,1932611,3968275,151.2093,-33.8688
4392,sydney,Oct-20,2020,10,843.0,76.0,828.0,93.0,96350,89142,185492,13108,23983,37091,109458,113125,222583,151.2093,-33.8688
4393,sydney,Oct-21,2021,10,428.0,45.0,429.0,59.0,25530,19808,45338,3662,15753,19415,29192,35561,64753,151.2093,-33.8688
4394,sydney,Oct-22,2022,10,4819.0,2629.0,4901.0,2527.0,1037067,1008502,2045569,491670,415469,907139,1528737,1423971,2952708,151.2093,-33.8688
4395,sydney,Oct-23,2023,10,5394.0,2538.0,5314.0,2600.0,1106033,1077919,2183952,695855,594999,1290854,1801888,1672918,3474806,151.2093,-33.8688
4396,sydney,Sep-04,2004,9,5191.0,1034.0,5212.0,996.0,792955,800198,1593153,348401,368103,716504,1141356,1168301,2309657,151.2093,-33.8688
4397,sydney,Sep-05,2005,9,4962.0,696.0,4903.0,768.0,815050,822851,1637901,386191,388594,774785,1201241,1211445,2412686,151.2093,-33.8688
4398,sydney,Sep-06,2006,9,4844.0,944.0,4956.0,856.0,874150,880207,1754357,400559,395302,795861,1274709,1275509,2550218,151.2093,-33.8688
4399,sydney,Sep-07,2007,9,4648.0,1233.0,4806.0,1230.0,902820,897645,1800465,418230,428780,847010,1321050,1326425,2647475,151.2093,-33.8688
4400,sydney,Sep-08,2008,9,5530.0,1665.0,5379.0,1806.0,914888,927790,1842678,399830,406094,805924,1314718,1333884,2648602,151.2093,-33.8688
4401,sydney,Sep-09,2009,9,5768.0,1267.0,5657.0,1368.0,956042,956379,1912421,443209,436480,879689,1399251,1392859,2792110,151.2093,-33.8688
4402,sydney,Sep-10,2010,9,5899.0,1564.0,5801.0,1626.0,1016828,1042725,2059553,473067,489387,962454,1489895,1532112,3022007,151.2093,-33.8688
4403,sydney,Sep-11,2011,9,6140.0,1338.0,6012.0,1447.0,993432,1015818,2009250,482585,511900,994485,1476017,1527718,3003735,151.2093,-33.8688
4404,sydney,Sep-12,2012,9,6650.0,1595.0,6403.0,1817.0,1053607,1069913,2123520,512937,543135,1056072,1566544,1613048,3179592,151.2093,-33.8688
4405,sydney,Sep-13,2013,9,6874.0,1410.0,6743.0,1550.0,1042028,1061600,2103628,536112,561318,1097430,1578140,1622918,3201058,151.2093,-33.8688
4406,sydney,Sep-14,2014,9,7521.0,1077.0,7483.0,1133.0,1057089,1070473,2127562,535529,554031,1089560,1592618,1624504,3217122,151.2093,-33.8688
4407,sydney,Sep-15,2015,9,7837.0,1130.0,7827.0,1126.0,1087857,1109278,2197135,572834,579569,1152403,1660691,1688847,3349538,151.2093,-33.8688
4408,sydney,Sep-16,2016,9,7460.0,1553.0,7451.0,1543.0,1125415,1159911,2285326,617389,630118,1247507,1742804,1790029,3532833,151.2093,-33.8688
4409,sydney,Sep-17,2017,9,6793.0,1841.0,6705.0,1922.0,1120569,1149275,2269844,657428,669922,1327350,1777997,1819197,3597194,151.2093,-33.8688
4410,sydney,Sep-18,2018,9,6894.0,1625.0,6810.0,1712.0,1127214,1132581,2259795,672762,684833,1357595,1799976,1817414,3617390,151.2093,-33.8688
4411,sydney,Sep-19,2019,9,6387.0,2349.0,6082.0,2608.0,1138830,1146456,2285286,668842,689778,1358620,1807672,1836234,3643906,151.2093,-33.8688
4412,sydney,Sep-20,2020,9,572.0,57.0,560.0,67.0,51249,45899,97148,10035,24897,34932,61284,70796,132080,151.2093,-33.8688
4413,sydney,Sep-21,2021,9,369.0,24.0,366.0,32.0,12745,9916,22661,4410,14062,18472,17155,23978,41133,151.2093,-33.8688
4414,sydney,Sep-22,2022,9,4566.0,2586.0,4701.0,2440.0,962376,987040,1949416,433437,429297,862734,1395813,1416337,2812150,151.2093,-33.8688
4415,sydney,Sep-23,2023,9,5376.0,2432.0,5425.0,2361.0,1035511,1058562,2094073,638554,640991,1279545,1674065,1699553,3373618,151.2093,-33.8688
4416,townsville,Apr-04,2004,4,251.0,36.0,252.0,33.0,41978,42079,84057,0,0,0,41978,42079,84057,146.8169,-19.2584
4417,townsville,Apr-05,2005,4,279.0,20.0,272.0,27.0,46654,46135,92789,0,0,0,46654,46135,92789,146.8169,-19.2584
4418,townsville,Apr-06,2006,4,298.0,23.0,297.0,24.0,50923,51919,102842,0,0,0,50923,51919,102842,146.8169,-19.2584
4419,townsville,Apr-07,2007,4,280.0,30.0,286.0,25.0,53589,53913,107502,0,0,0,53589,53913,107502,146.8169,-19.2584
4420,townsville,Apr-08,2008,4,300.0,41.0,289.0,52.0,57457,57522,114979,0,0,0,57457,57522,114979,146.8169,-19.2584
4421,townsville,Apr-09,2009,4,353.0,46.0,354.0,46.0,61354,60487,121841,0,0,0,61354,60487,121841,146.8169,-19.2584
4422,townsville,Apr-10,2010,4,495.0,64.0,485.0,74.0,63419,62319,125738,0,0,0,63419,62319,125738,146.8169,-19.2584
4423,townsville,Apr-11,2011,4,460.0,109.0,454.0,113.0,67086,66172,133258,437,567,1004,67523,66739,134262,146.8169,-19.2584
4424,townsville,Apr-12,2012,4,463.0,121.0,491.0,99.0,67048,64734,131782,0,0,0,67048,64734,131782,146.8169,-19.2584
4425,townsville,Apr-13,2013,4,475.0,127.0,496.0,107.0,64547,62765,127312,0,0,0,64547,62765,127312,146.8169,-19.2584
4426,townsville,Apr-14,2014,4,320.0,60.0,341.0,41.0,60736,61524,122260,0,0,0,60736,61524,122260,146.8169,-19.2584
4427,townsville,Apr-15,2015,4,343.0,73.0,361.0,56.0,61695,62149,123844,0,0,0,61695,62149,123844,146.8169,-19.2584
4428,townsville,Apr-16,2016,4,530.0,38.0,538.0,29.0,61298,59331,120629,1417,1604,3021,62715,60935,123650,146.8169,-19.2584
4429,townsville,Apr-17,2017,4,497.0,50.0,511.0,37.0,64609,62128,126737,2025,2257,4282,66634,64385,131019,146.8169,-19.2584
4430,townsville,Apr-18,2018,4,511.0,57.0,523.0,50.0,63974,63336,127310,415,443,858,64389,63779,128168,146.8169,-19.2584
4431,townsville,Apr-19,2019,4,467.0,76.0,468.0,75.0,67238,66720,133958,0,0,0,67238,66720,133958,146.8169,-19.2584
4432,townsville,Apr-20,2020,4,56.0,3.0,59.0,1.0,3786,4068,7854,0,0,0,3786,4068,7854,146.8169,-19.2584
4433,townsville,Apr-21,2021,4,320.0,46.0,318.0,49.0,54512,54531,109043,0,0,0,54512,54531,109043,146.8169,-19.2584
4434,townsville,Apr-22,2022,4,317.0,111.0,335.0,91.0,67765,67181,134946,0,0,0,67765,67181,134946,146.8169,-19.2584
4435,townsville,Apr-23,2023,4,347.0,126.0,357.0,115.0,68197,67452,135649,0,0,0,68197,67452,135649,146.8169,-19.2584
4436,townsville,Aug-04,2004,8,272.0,33.0,270.0,34.0,46035,46360,92395,0,0,0,46035,46360,92395,146.8169,-19.2584
4437,townsville,Aug-05,2005,8,271.0,39.0,271.0,39.0,48439,48549,96988,0,0,0,48439,48549,96988,146.8169,-19.2584
4438,townsville,Aug-06,2006,8,315.0,18.0,311.0,22.0,55652,55541,111193,0,0,0,55652,55541,111193,146.8169,-19.2584
4439,townsville,Aug-07,2007,8,273.0,48.0,268.0,54.0,57939,58168,116107,0,0,0,57939,58168,116107,146.8169,-19.2584
4440,townsville,Aug-08,2008,8,341.0,63.0,316.0,88.0,61954,62011,123965,0,0,0,61954,62011,123965,146.8169,-19.2584
4441,townsville,Aug-09,2009,8,523.0,30.0,516.0,32.0,67166,66240,133406,0,0,0,67166,66240,133406,146.8169,-19.2584
4442,townsville,Aug-10,2010,8,490.0,97.0,479.0,106.0,73506,72594,146100,0,0,0,73506,72594,146100,146.8169,-19.2584
4443,townsville,Aug-11,2011,8,525.0,87.0,530.0,83.0,70256,72262,142518,400,340,740,70656,72602,143258,146.8169,-19.2584
4444,townsville,Aug-12,2012,8,501.0,124.0,524.0,100.0,68534,70183,138717,0,0,0,68534,70183,138717,146.8169,-19.2584
4445,townsville,Aug-13,2013,8,546.0,66.0,560.0,51.0,67861,69454,137315,0,0,0,67861,69454,137315,146.8169,-19.2584
4446,townsville,Aug-14,2014,8,327.0,80.0,327.0,80.0,65323,66678,132001,0,0,0,65323,66678,132001,146.8169,-19.2584
4447,townsville,Aug-15,2015,8,400.0,20.0,405.0,15.0,64519,66566,131085,0,0,0,64519,66566,131085,146.8169,-19.2584
4448,townsville,Aug-16,2016,8,565.0,56.0,576.0,45.0,64208,66056,130264,1609,1800,3409,65817,67856,133673,146.8169,-19.2584
4449,townsville,Aug-17,2017,8,515.0,62.0,533.0,50.0,69682,70924,140606,2373,2231,4604,72055,73155,145210,146.8169,-19.2584
4450,townsville,Aug-18,2018,8,466.0,89.0,468.0,85.0,72455,74122,146577,354,318,672,72809,74440,147249,146.8169,-19.2584
4451,townsville,Aug-19,2019,8,475.0,94.0,475.0,92.0,72244,74283,146527,0,0,0,72244,74283,146527,146.8169,-19.2584
4452,townsville,Aug-20,2020,8,199.0,24.0,204.0,20.0,27166,27623,54789,0,0,0,27166,27623,54789,146.8169,-19.2584
4453,townsville,Aug-21,2021,8,262.0,26.0,259.0,32.0,28531,30449,58980,0,0,0,28531,30449,58980,146.8169,-19.2584
4454,townsville,Aug-22,2022,8,330.0,121.0,344.0,109.0,70474,71884,142358,0,0,0,70474,71884,142358,146.8169,-19.2584
4455,townsville,Aug-23,2023,8,355.0,131.0,369.0,118.0,76129,79501,155630,0,0,0,76129,79501,155630,146.8169,-19.2584
4456,townsville,Dec-04,2004,12,280.0,25.0,264.0,41.0,41544,44797,86341,0,0,0,41544,44797,86341,146.8169,-19.2584
4457,townsville,Dec-05,2005,12,314.0,26.0,301.0,39.0,48146,50415,98561,0,0,0,48146,50415,98561,146.8169,-19.2584
4458,townsville,Dec-06,2006,12,297.0,21.0,298.0,20.0,51043,54627,105670,0,0,0,51043,54627,105670,146.8169,-19.2584
4459,townsville,Dec-07,2007,12,319.0,35.0,292.0,62.0,55984,58108,114092,0,0,0,55984,58108,114092,146.8169,-19.2584
4460,townsville,Dec-08,2008,12,382.0,44.0,382.0,46.0,59348,61366,120714,0,0,0,59348,61366,120714,146.8169,-19.2584
4461,townsville,Dec-09,2009,12,514.0,45.0,504.0,52.0,61371,64099,125470,0,0,0,61371,64099,125470,146.8169,-19.2584
4462,townsville,Dec-10,2010,12,422.0,158.0,422.0,155.0,68741,74353,143094,432,882,1314,69173,75235,144408,146.8169,-19.2584
4463,townsville,Dec-11,2011,12,492.0,115.0,480.0,128.0,66509,71194,137703,0,0,0,66509,71194,137703,146.8169,-19.2584
4464,townsville,Dec-12,2012,12,473.0,116.0,486.0,103.0,64520,69414,133934,0,0,0,64520,69414,133934,146.8169,-19.2584
4465,townsville,Dec-13,2013,12,483.0,107.0,504.0,87.0,65561,69424,134985,0,0,0,65561,69424,134985,146.8169,-19.2584
4466,townsville,Dec-14,2014,12,343.0,74.0,337.0,81.0,64541,67547,132088,0,0,0,64541,67547,132088,146.8169,-19.2584
4467,townsville,Dec-15,2015,12,494.0,81.0,497.0,77.0,62377,66334,128711,1571,1979,3550,63948,68313,132261,146.8169,-19.2584
4468,townsville,Dec-16,2016,12,479.0,90.0,482.0,84.0,61979,66646,128625,1746,2087,3833,63725,68733,132458,146.8169,-19.2584
4469,townsville,Dec-17,2017,12,473.0,106.0,469.0,110.0,65924,70774,136698,1467,2055,3522,67391,72829,140220,146.8169,-19.2584
4470,townsville,Dec-18,2018,12,420.0,98.0,426.0,96.0,63038,67481,130519,0,0,0,63038,67481,130519,146.8169,-19.2584
4471,townsville,Dec-19,2019,12,416.0,127.0,432.0,117.0,67064,71298,138362,0,0,0,67064,71298,138362,146.8169,-19.2584
4472,townsville,Dec-20,2020,12,291.0,53.0,288.0,59.0,46643,47427,94070,0,0,0,46643,47427,94070,146.8169,-19.2584
4473,townsville,Dec-21,2021,12,357.0,103.0,375.0,85.0,52968,53049,106017,0,0,0,52968,53049,106017,146.8169,-19.2584
4474,townsville,Dec-22,2022,12,330.0,131.0,337.0,125.0,63600,66405,130005,0,0,0,63600,66405,130005,146.8169,-19.2584
4475,townsville,Feb-04,2004,2,166.0,13.0,151.0,28.0,31798,32100,63898,0,0,0,31798,32100,63898,146.8169,-19.2584
4476,townsville,Feb-05,2005,2,258.0,17.0,247.0,29.0,35858,35631,71489,0,0,0,35858,35631,71489,146.8169,-19.2584
4477,townsville,Feb-06,2006,2,285.0,4.0,278.0,10.0,39515,39660,79175,0,0,0,39515,39660,79175,146.8169,-19.2584
4478,townsville,Feb-07,2007,2,258.0,20.0,251.0,27.0,43387,43898,87285,0,0,0,43387,43898,87285,146.8169,-19.2584
4479,townsville,Feb-08,2008,2,292.0,42.0,265.0,69.0,49147,50193,99340,0,0,0,49147,50193,99340,146.8169,-19.2584
4480,townsville,Feb-09,2009,2,320.0,34.0,320.0,35.0,46833,47178,94011,0,0,0,46833,47178,94011,146.8169,-19.2584
4481,townsville,Feb-10,2010,2,467.0,52.0,459.0,64.0,54481,54482,108963,0,0,0,54481,54482,108963,146.8169,-19.2584
4482,townsville,Feb-11,2011,2,402.0,88.0,386.0,106.0,52145,51796,103941,567,593,1160,52712,52389,105101,146.8169,-19.2584
4483,townsville,Feb-12,2012,2,461.0,104.0,460.0,106.0,58957,58549,117506,0,0,0,58957,58549,117506,146.8169,-19.2584
4484,townsville,Feb-13,2013,2,419.0,126.0,417.0,128.0,53701,53918,107619,0,0,0,53701,53918,107619,146.8169,-19.2584
4485,townsville,Feb-14,2014,2,475.0,42.0,472.0,44.0,50287,50424,100711,0,0,0,50287,50424,100711,146.8169,-19.2584
4486,townsville,Feb-15,2015,2,324.0,27.0,317.0,33.0,48886,49553,98439,0,0,0,48886,49553,98439,146.8169,-19.2584
4487,townsville,Feb-16,2016,2,501.0,37.0,493.0,45.0,49452,48711,98163,1352,1370,2722,50804,50081,100885,146.8169,-19.2584
4488,townsville,Feb-17,2017,2,461.0,49.0,458.0,52.0,48518,48312,96830,1677,1594,3271,50195,49906,100101,146.8169,-19.2584
4489,townsville,Feb-18,2018,2,452.0,52.0,426.0,81.0,51968,52403,104371,2180,2140,4320,54148,54543,108691,146.8169,-19.2584
4490,townsville,Feb-19,2019,2,406.0,48.0,402.0,53.0,50268,49998,100266,0,0,0,50268,49998,100266,146.8169,-19.2584
4491,townsville,Feb-20,2020,2,387.0,100.0,375.0,111.0,53546,51590,105136,0,0,0,53546,51590,105136,146.8169,-19.2584
4492,townsville,Feb-21,2021,2,256.0,30.0,257.0,31.0,35876,36302,72178,0,0,0,35876,36302,72178,146.8169,-19.2584
4493,townsville,Feb-22,2022,2,227.0,60.0,244.0,46.0,37643,38041,75684,0,0,0,37643,38041,75684,146.8169,-19.2584
4494,townsville,Feb-23,2023,2,350.0,58.0,355.0,53.0,54278,54972,109250,0,0,0,54278,54972,109250,146.8169,-19.2584
4495,townsville,Jan-04,2004,1,183.0,33.0,166.0,50.0,35801,34138,69939,0,0,0,35801,34138,69939,146.8169,-19.2584
4496,townsville,Jan-05,2005,1,292.0,19.0,285.0,26.0,40206,37934,78140,0,0,0,40206,37934,78140,146.8169,-19.2584
4497,townsville,Jan-06,2006,1,311.0,21.0,304.0,28.0,45839,43444,89283,0,0,0,45839,43444,89283,146.8169,-19.2584
4498,townsville,Jan-07,2007,1,293.0,16.0,296.0,13.0,47587,44664,92251,0,0,0,47587,44664,92251,146.8169,-19.2584
4499,townsville,Jan-08,2008,1,297.0,54.0,282.0,72.0,53300,51206,104506,0,0,0,53300,51206,104506,146.8169,-19.2584
4500,townsville,Jan-09,2009,1,365.0,32.0,361.0,38.0,54834,51765,106599,0,0,0,54834,51765,106599,146.8169,-19.2584
4501,townsville,Jan-10,2010,1,471.0,48.0,469.0,53.0,57683,54094,111777,0,0,0,57683,54094,111777,146.8169,-19.2584
4502,townsville,Jan-11,2011,1,429.0,97.0,437.0,90.0,63002,56390,119392,1124,818,1942,64126,57208,121334,146.8169,-19.2584
4503,townsville,Jan-12,2012,1,488.0,81.0,480.0,91.0,62176,57171,119347,0,0,0,62176,57171,119347,146.8169,-19.2584
4504,townsville,Jan-13,2013,1,450.0,124.0,439.0,136.0,61932,56480,118412,0,0,0,61932,56480,118412,146.8169,-19.2584
4505,townsville,Jan-14,2014,1,489.0,82.0,512.0,57.0,58441,53757,112198,0,0,0,58441,53757,112198,146.8169,-19.2584
4506,townsville,Jan-15,2015,1,372.0,46.0,359.0,60.0,57879,54030,111909,0,0,0,57879,54030,111909,146.8169,-19.2584
4507,townsville,Jan-16,2016,1,481.0,68.0,474.0,77.0,58001,53823,111824,1864,1370,3234,59865,55193,115058,146.8169,-19.2584
4508,townsville,Jan-17,2017,1,482.0,68.0,496.0,56.0,57767,53413,111180,2224,1623,3847,59991,55036,115027,146.8169,-19.2584
4509,townsville,Jan-18,2018,1,506.0,56.0,509.0,56.0,62969,57216,120185,2279,2327,4606,65248,59543,124791,146.8169,-19.2584
4510,townsville,Jan-19,2019,1,482.0,44.0,476.0,52.0,61344,56845,118189,0,0,0,61344,56845,118189,146.8169,-19.2584
4511,townsville,Jan-20,2020,1,452.0,82.0,443.0,92.0,63574,59105,122679,0,0,0,63574,59105,122679,146.8169,-19.2584
4512,townsville,Jan-21,2021,1,282.0,43.0,289.0,38.0,36601,36701,73302,0,0,0,36601,36701,73302,146.8169,-19.2584
4513,townsville,Jan-22,2022,1,316.0,50.0,330.0,37.0,40703,39849,80552,0,0,0,40703,39849,80552,146.8169,-19.2584
4514,townsville,Jan-23,2023,1,371.0,78.0,381.0,74.0,60780,57776,118556,0,0,0,60780,57776,118556,146.8169,-19.2584
4515,townsville,Jul-04,2004,7,265.0,53.0,271.0,47.0,50019,49765,99784,0,0,0,50019,49765,99784,146.8169,-19.2584
4516,townsville,Jul-05,2005,7,256.0,52.0,253.0,55.0,50033,50108,100141,0,0,0,50033,50108,100141,146.8169,-19.2584
4517,townsville,Jul-06,2006,7,279.0,58.0,275.0,62.0,58467,58046,116513,0,0,0,58467,58046,116513,146.8169,-19.2584
4518,townsville,Jul-07,2007,7,273.0,56.0,276.0,53.0,62281,60980,123261,0,0,0,62281,60980,123261,146.8169,-19.2584
4519,townsville,Jul-08,2008,7,307.0,93.0,280.0,122.0,66567,65491,132058,0,0,0,66567,65491,132058,146.8169,-19.2584
4520,townsville,Jul-09,2009,7,528.0,74.0,533.0,68.0,72573,70681,143254,0,0,0,72573,70681,143254,146.8169,-19.2584
4521,townsville,Jul-10,2010,7,503.0,94.0,486.0,108.0,74752,73971,148723,0,0,0,74752,73971,148723,146.8169,-19.2584
4522,townsville,Jul-11,2011,7,498.0,120.0,522.0,96.0,76522,74194,150716,611,514,1125,77133,74708,151841,146.8169,-19.2584
4523,townsville,Jul-12,2012,7,414.0,204.0,437.0,188.0,74222,72849,147071,0,0,0,74222,72849,147071,146.8169,-19.2584
4524,townsville,Jul-13,2013,7,464.0,154.0,507.0,112.0,75176,72844,148020,0,0,0,75176,72844,148020,146.8169,-19.2584
4525,townsville,Jul-14,2014,7,363.0,60.0,373.0,50.0,72058,70381,142439,0,0,0,72058,70381,142439,146.8169,-19.2584
4526,townsville,Jul-15,2015,7,361.0,71.0,369.0,64.0,73303,71720,145023,0,0,0,73303,71720,145023,146.8169,-19.2584
4527,townsville,Jul-16,2016,7,495.0,119.0,517.0,97.0,72641,70220,142861,1973,1919,3892,74614,72139,146753,146.8169,-19.2584
4528,townsville,Jul-17,2017,7,491.0,87.0,503.0,79.0,76628,73840,150468,2452,2457,4909,79080,76297,155377,146.8169,-19.2584
4529,townsville,Jul-18,2018,7,498.0,115.0,507.0,111.0,80489,78946,159435,425,383,808,80914,79329,160243,146.8169,-19.2584
4530,townsville,Jul-19,2019,7,472.0,118.0,476.0,112.0,78060,76324,154384,0,0,0,78060,76324,154384,146.8169,-19.2584
4531,townsville,Jul-20,2020,7,155.0,36.0,165.0,28.0,28925,27368,56293,0,0,0,28925,27368,56293,146.8169,-19.2584
4532,townsville,Jul-21,2021,7,364.0,42.0,366.0,44.0,45465,45386,90851,0,0,0,45465,45386,90851,146.8169,-19.2584
4533,townsville,Jul-22,2022,7,240.0,205.0,280.0,165.0,77032,76450,153482,0,0,0,77032,76450,153482,146.8169,-19.2584
4534,townsville,Jul-23,2023,7,283.0,200.0,332.0,156.0,81864,80540,162404,0,0,0,81864,80540,162404,146.8169,-19.2584
4535,townsville,Jun-04,2004,6,260.0,41.0,260.0,41.0,45192,44665,89857,0,0,0,45192,44665,89857,146.8169,-19.2584
4536,townsville,Jun-05,2005,6,223.0,81.0,209.0,95.0,48238,48147,96385,0,0,0,48238,48147,96385,146.8169,-19.2584
4537,townsville,Jun-06,2006,6,263.0,48.0,259.0,52.0,54384,54253,108637,0,0,0,54384,54253,108637,146.8169,-19.2584
4538,townsville,Jun-07,2007,6,200.0,109.0,191.0,118.0,56133,55921,112054,0,0,0,56133,55921,112054,146.8169,-19.2584
4539,townsville,Jun-08,2008,6,292.0,70.0,283.0,79.0,58786,59773,118559,0,0,0,58786,59773,118559,146.8169,-19.2584
4540,townsville,Jun-09,2009,6,320.0,67.0,324.0,63.0,63939,62856,126795,0,0,0,63939,62856,126795,146.8169,-19.2584
4541,townsville,Jun-10,2010,6,460.0,100.0,440.0,120.0,66906,66752,133658,0,0,0,66906,66752,133658,146.8169,-19.2584
4542,townsville,Jun-11,2011,6,469.0,113.0,505.0,80.0,66706,67428,134134,355,399,754,67061,67827,134888,146.8169,-19.2584
4543,townsville,Jun-12,2012,6,419.0,150.0,443.0,126.0,69123,69402,138525,0,0,0,69123,69402,138525,146.8169,-19.2584
4544,townsville,Jun-13,2013,6,467.0,115.0,482.0,102.0,65780,66216,131996,0,0,0,65780,66216,131996,146.8169,-19.2584
4545,townsville,Jun-14,2014,6,315.0,84.0,333.0,66.0,64444,64334,128778,0,0,0,64444,64334,128778,146.8169,-19.2584
4546,townsville,Jun-15,2015,6,356.0,53.0,366.0,43.0,63967,63610,127577,0,0,0,63967,63610,127577,146.8169,-19.2584
4547,townsville,Jun-16,2016,6,522.0,60.0,532.0,53.0,64868,64899,129767,1663,2044,3707,66531,66943,133474,146.8169,-19.2584
4548,townsville,Jun-17,2017,6,473.0,70.0,491.0,59.0,66427,66254,132681,2106,2123,4229,68533,68377,136910,146.8169,-19.2584
4549,townsville,Jun-18,2018,6,454.0,110.0,449.0,111.0,65091,65021,130112,375,318,693,65466,65339,130805,146.8169,-19.2584
4550,townsville,Jun-19,2019,6,415.0,116.0,416.0,119.0,68347,66772,135119,0,0,0,68347,66772,135119,146.8169,-19.2584
4551,townsville,Jun-20,2020,6,82.0,14.0,92.0,4.0,11330,11590,22920,0,0,0,11330,11590,22920,146.8169,-19.2584
4552,townsville,Jun-21,2021,6,348.0,85.0,336.0,92.0,55616,55914,111530,0,0,0,55616,55914,111530,146.8169,-19.2584
4553,townsville,Jun-22,2022,6,313.0,139.0,316.0,138.0,73181,72557,145738,0,0,0,73181,72557,145738,146.8169,-19.2584
4554,townsville,Jun-23,2023,6,297.0,181.0,345.0,133.0,78209,76273,154482,0,0,0,78209,76273,154482,146.8169,-19.2584
4555,townsville,Mar-04,2004,3,171.0,23.0,163.0,32.0,38013,37766,75779,0,0,0,38013,37766,75779,146.8169,-19.2584
4556,townsville,Mar-05,2005,3,271.0,24.0,256.0,39.0,43246,43456,86702,0,0,0,43246,43456,86702,146.8169,-19.2584
4557,townsville,Mar-06,2006,3,296.0,17.0,287.0,26.0,47297,47575,94872,0,0,0,47297,47575,94872,146.8169,-19.2584
4558,townsville,Mar-07,2007,3,285.0,24.0,284.0,25.0,50975,50783,101758,0,0,0,50975,50783,101758,146.8169,-19.2584
4559,townsville,Mar-08,2008,3,317.0,37.0,305.0,49.0,56699,55670,112369,0,0,0,56699,55670,112369,146.8169,-19.2584
4560,townsville,Mar-09,2009,3,395.0,29.0,398.0,26.0,56789,56637,113426,0,0,0,56789,56637,113426,146.8169,-19.2584
4561,townsville,Mar-10,2010,3,531.0,54.0,518.0,68.0,61328,59317,120645,0,0,0,61328,59317,120645,146.8169,-19.2584
4562,townsville,Mar-11,2011,3,474.0,121.0,473.0,121.0,66595,67266,133861,537,617,1154,67132,67883,135015,146.8169,-19.2584
4563,townsville,Mar-12,2012,3,452.0,153.0,464.0,142.0,65382,67338,132720,0,0,0,65382,67338,132720,146.8169,-19.2584
4564,townsville,Mar-13,2013,3,485.0,114.0,482.0,115.0,61612,61684,123296,0,0,0,61612,61684,123296,146.8169,-19.2584
4565,townsville,Mar-14,2014,3,318.0,55.0,310.0,62.0,58520,57261,115781,0,0,0,58520,57261,115781,146.8169,-19.2584
4566,townsville,Mar-15,2015,3,369.0,26.0,363.0,33.0,59989,58009,117998,0,0,0,59989,58009,117998,146.8169,-19.2584
4567,townsville,Mar-16,2016,3,548.0,46.0,542.0,54.0,58566,58563,117129,1555,1604,3159,60121,60167,120288,146.8169,-19.2584
4568,townsville,Mar-17,2017,3,446.0,91.0,448.0,94.0,56804,58317,115121,1603,1632,3235,58407,59949,118356,146.8169,-19.2584
4569,townsville,Mar-18,2018,3,470.0,94.0,463.0,103.0,67182,67984,135166,1744,1355,3099,68926,69339,138265,146.8169,-19.2584
4570,townsville,Mar-19,2019,3,431.0,85.0,427.0,87.0,62804,63951,126755,0,0,0,62804,63951,126755,146.8169,-19.2584
4571,townsville,Mar-20,2020,3,389.0,57.0,394.0,53.0,44037,43063,87100,0,0,0,44037,43063,87100,146.8169,-19.2584
4572,townsville,Mar-21,2021,3,305.0,55.0,310.0,53.0,47197,46734,93931,0,0,0,47197,46734,93931,146.8169,-19.2584
4573,townsville,Mar-22,2022,3,327.0,68.0,331.0,65.0,52878,53425,106303,0,0,0,52878,53425,106303,146.8169,-19.2584
4574,townsville,Mar-23,2023,3,372.0,84.0,376.0,81.0,70734,70157,140891,0,0,0,70734,70157,140891,146.8169,-19.2584
4575,townsville,May-04,2004,5,296.0,18.0,285.0,30.0,39840,39629,79469,0,0,0,39840,39629,79469,146.8169,-19.2584
4576,townsville,May-05,2005,5,277.0,34.0,258.0,52.0,44301,44215,88516,0,0,0,44301,44215,88516,146.8169,-19.2584
4577,townsville,May-06,2006,5,290.0,30.0,283.0,38.0,52029,51644,103673,0,0,0,52029,51644,103673,146.8169,-19.2584
4578,townsville,May-07,2007,5,283.0,33.0,293.0,23.0,54844,55356,110200,0,0,0,54844,55356,110200,146.8169,-19.2584
4579,townsville,May-08,2008,5,301.0,54.0,278.0,78.0,58836,58264,117100,0,0,0,58836,58264,117100,146.8169,-19.2584
4580,townsville,May-09,2009,5,363.0,38.0,356.0,45.0,64684,63709,128393,0,0,0,64684,63709,128393,146.8169,-19.2584
4581,townsville,May-10,2010,5,520.0,60.0,512.0,67.0,63472,62951,126423,0,0,0,63472,62951,126423,146.8169,-19.2584
4582,townsville,May-11,2011,5,527.0,76.0,533.0,71.0,68038,68072,136110,524,321,845,68562,68393,136955,146.8169,-19.2584
4583,townsville,May-12,2012,5,480.0,118.0,487.0,111.0,68538,68825,137363,0,0,0,68538,68825,137363,146.8169,-19.2584
4584,townsville,May-13,2013,5,517.0,106.0,535.0,84.0,64213,64376,128589,0,0,0,64213,64376,128589,146.8169,-19.2584
4585,townsville,May-14,2014,5,358.0,55.0,364.0,47.0,62178,61671,123849,0,0,0,62178,61671,123849,146.8169,-19.2584
4586,townsville,May-15,2015,5,358.0,55.0,376.0,37.0,62664,61362,124026,0,0,0,62664,61362,124026,146.8169,-19.2584
4587,townsville,May-16,2016,5,546.0,35.0,556.0,28.0,63397,62570,125967,1685,1933,3618,65082,64503,129585,146.8169,-19.2584
4588,townsville,May-17,2017,5,484.0,74.0,503.0,59.0,60639,61928,122567,1954,2370,4324,62593,64298,126891,146.8169,-19.2584
4589,townsville,May-18,2018,5,507.0,77.0,506.0,80.0,66895,67054,133949,263,284,547,67158,67338,134496,146.8169,-19.2584
4590,townsville,May-19,2019,5,491.0,79.0,483.0,87.0,67451,67615,135066,0,0,0,67451,67615,135066,146.8169,-19.2584
4591,townsville,May-20,2020,5,54.0,4.0,56.0,1.0,4672,4575,9247,0,0,0,4672,4575,9247,146.8169,-19.2584
4592,townsville,May-21,2021,5,327.0,56.0,330.0,53.0,56918,55921,112839,0,0,0,56918,55921,112839,146.8169,-19.2584
4593,townsville,May-22,2022,5,349.0,117.0,357.0,110.0,67961,66930,134891,0,0,0,67961,66930,134891,146.8169,-19.2584
4594,townsville,May-23,2023,5,358.0,134.0,353.0,141.0,72574,71584,144158,0,0,0,72574,71584,144158,146.8169,-19.2584
4595,townsville,Nov-04,2004,11,279.0,25.0,249.0,55.0,40596,40698,81294,0,0,0,40596,40698,81294,146.8169,-19.2584
4596,townsville,Nov-05,2005,11,308.0,24.0,299.0,34.0,46188,46359,92547,0,0,0,46188,46359,92547,146.8169,-19.2584
4597,townsville,Nov-06,2006,11,285.0,21.0,279.0,27.0,51998,52889,104887,0,0,0,51998,52889,104887,146.8169,-19.2584
4598,townsville,Nov-07,2007,11,312.0,33.0,281.0,64.0,54943,55655,110598,0,0,0,54943,55655,110598,146.8169,-19.2584
4599,townsville,Nov-08,2008,11,375.0,45.0,368.0,52.0,57619,57549,115168,0,0,0,57619,57549,115168,146.8169,-19.2584
4600,townsville,Nov-09,2009,11,509.0,53.0,504.0,59.0,62942,62726,125668,0,0,0,62942,62726,125668,146.8169,-19.2584
4601,townsville,Nov-10,2010,11,484.0,97.0,482.0,105.0,65417,67350,132767,0,0,0,65417,67350,132767,146.8169,-19.2584
4602,townsville,Nov-11,2011,11,533.0,68.0,518.0,85.0,65601,67450,133051,0,0,0,65601,67450,133051,146.8169,-19.2584
4603,townsville,Nov-12,2012,11,506.0,90.0,487.0,107.0,65396,67853,133249,0,0,0,65396,67853,133249,146.8169,-19.2584
4604,townsville,Nov-13,2013,11,435.0,139.0,444.0,133.0,59143,61744,120887,0,0,0,59143,61744,120887,146.8169,-19.2584
4605,townsville,Nov-14,2014,11,340.0,37.0,328.0,49.0,57638,59537,117175,0,0,0,57638,59537,117175,146.8169,-19.2584
4606,townsville,Nov-15,2015,11,522.0,55.0,512.0,69.0,59754,61357,121111,348,881,1229,60102,62238,122340,146.8169,-19.2584
4607,townsville,Nov-16,2016,11,479.0,75.0,492.0,66.0,58528,59861,118389,1523,1763,3286,60051,61624,121675,146.8169,-19.2584
4608,townsville,Nov-17,2017,11,466.0,97.0,472.0,91.0,62743,66059,128802,1622,1747,3369,64365,67806,132171,146.8169,-19.2584
4609,townsville,Nov-18,2018,11,443.0,77.0,438.0,82.0,63340,65756,129096,0,0,0,63340,65756,129096,146.8169,-19.2584
4610,townsville,Nov-19,2019,11,438.0,98.0,442.0,92.0,64379,66370,130749,0,0,0,64379,66370,130749,146.8169,-19.2584
4611,townsville,Nov-20,2020,11,264.0,20.0,261.0,23.0,34426,34806,69232,0,0,0,34426,34806,69232,146.8169,-19.2584
4612,townsville,Nov-21,2021,11,346.0,68.0,378.0,37.0,42950,43775,86725,0,0,0,42950,43775,86725,146.8169,-19.2584
4613,townsville,Nov-22,2022,11,326.0,122.0,308.0,139.0,63881,66759,130640,0,0,0,63881,66759,130640,146.8169,-19.2584
4614,townsville,Nov-23,2023,11,317.0,148.0,307.0,159.0,68318,70954,139272,0,0,0,68318,70954,139272,146.8169,-19.2584
4615,townsville,Oct-04,2004,10,263.0,43.0,249.0,57.0,44324,44752,89076,0,0,0,44324,44752,89076,146.8169,-19.2584
4616,townsville,Oct-05,2005,10,283.0,29.0,267.0,43.0,47485,47663,95148,0,0,0,47485,47663,95148,146.8169,-19.2584
4617,townsville,Oct-06,2006,10,313.0,27.0,318.0,22.0,57624,56943,114567,0,0,0,57624,56943,114567,146.8169,-19.2584
4618,townsville,Oct-07,2007,10,300.0,55.0,296.0,60.0,59770,60228,119998,0,0,0,59770,60228,119998,146.8169,-19.2584
4619,townsville,Oct-08,2008,10,383.0,49.0,379.0,51.0,64279,63513,127792,0,0,0,64279,63513,127792,146.8169,-19.2584
4620,townsville,Oct-09,2009,10,513.0,57.0,500.0,68.0,67100,66383,133483,0,0,0,67100,66383,133483,146.8169,-19.2584
4621,townsville,Oct-10,2010,10,461.0,118.0,477.0,103.0,72820,73249,146069,0,0,0,72820,73249,146069,146.8169,-19.2584
4622,townsville,Oct-11,2011,10,476.0,120.0,487.0,111.0,69682,69745,139427,15,87,102,69697,69832,139529,146.8169,-19.2584
4623,townsville,Oct-12,2012,10,526.0,105.0,514.0,119.0,72062,71252,143314,0,0,0,72062,71252,143314,146.8169,-19.2584
4624,townsville,Oct-13,2013,10,534.0,87.0,546.0,80.0,70418,69925,140343,0,0,0,70418,69925,140343,146.8169,-19.2584
4625,townsville,Oct-14,2014,10,385.0,37.0,386.0,36.0,68153,67986,136139,0,0,0,68153,67986,136139,146.8169,-19.2584
4626,townsville,Oct-15,2015,10,573.0,43.0,564.0,51.0,67865,67814,135679,1815,1720,3535,69680,69534,139214,146.8169,-19.2584
4627,townsville,Oct-16,2016,10,534.0,54.0,549.0,40.0,64602,64935,129537,2053,1842,3895,66655,66777,133432,146.8169,-19.2584
4628,townsville,Oct-17,2017,10,440.0,108.0,447.0,113.0,70105,69779,139884,2278,2100,4378,72383,71879,144262,146.8169,-19.2584
4629,townsville,Oct-18,2018,10,478.0,72.0,465.0,86.0,70570,69634,140204,0,0,0,70570,69634,140204,146.8169,-19.2584
4630,townsville,Oct-19,2019,10,463.0,98.0,467.0,93.0,72692,73110,145802,0,0,0,72692,73110,145802,146.8169,-19.2584
4631,townsville,Oct-20,2020,10,262.0,23.0,259.0,27.0,33293,34139,67432,0,0,0,33293,34139,67432,146.8169,-19.2584
4632,townsville,Oct-21,2021,10,367.0,32.0,368.0,32.0,42096,42471,84567,0,0,0,42096,42471,84567,146.8169,-19.2584
4633,townsville,Oct-22,2022,10,344.0,111.0,374.0,82.0,71632,72223,143855,0,0,0,71632,72223,143855,146.8169,-19.2584
4634,townsville,Oct-23,2023,10,370.0,123.0,367.0,128.0,73485,73111,146596,0,0,0,73485,73111,146596,146.8169,-19.2584
4635,townsville,Sep-04,2004,9,268.0,39.0,256.0,51.0,45452,46924,92376,0,0,0,45452,46924,92376,146.8169,-19.2584
4636,townsville,Sep-05,2005,9,269.0,31.0,265.0,35.0,49412,50011,99423,0,0,0,49412,50011,99423,146.8169,-19.2584
4637,townsville,Sep-06,2006,9,287.0,35.0,282.0,40.0,56964,58044,115008,0,0,0,56964,58044,115008,146.8169,-19.2584
4638,townsville,Sep-07,2007,9,250.0,60.0,253.0,57.0,57165,57885,115050,0,0,0,57165,57885,115050,146.8169,-19.2584
4639,townsville,Sep-08,2008,9,344.0,45.0,326.0,63.0,63045,62160,125205,0,0,0,63045,62160,125205,146.8169,-19.2584
4640,townsville,Sep-09,2009,9,484.0,56.0,481.0,62.0,64553,65331,129884,0,0,0,64553,65331,129884,146.8169,-19.2584
4641,townsville,Sep-10,2010,9,443.0,123.0,450.0,116.0,71311,73482,144793,0,0,0,71311,73482,144793,146.8169,-19.2584
4642,townsville,Sep-11,2011,9,503.0,89.0,515.0,79.0,70603,72577,143180,476,290,766,71079,72867,143946,146.8169,-19.2584
4643,townsville,Sep-12,2012,9,515.0,82.0,516.0,83.0,67250,68960,136210,0,0,0,67250,68960,136210,146.8169,-19.2584
4644,townsville,Sep-13,2013,9,511.0,80.0,548.0,48.0,68135,69670,137805,0,0,0,68135,69670,137805,146.8169,-19.2584
4645,townsville,Sep-14,2014,9,355.0,60.0,353.0,63.0,65984,68438,134422,0,0,0,65984,68438,134422,146.8169,-19.2584
4646,townsville,Sep-15,2015,9,544.0,64.0,544.0,65.0,66864,67845,134709,1111,1698,2809,67975,69543,137518,146.8169,-19.2584
4647,townsville,Sep-16,2016,9,527.0,77.0,554.0,52.0,66576,68269,134845,1969,1734,3703,68545,70003,138548,146.8169,-19.2584
4648,townsville,Sep-17,2017,9,483.0,70.0,484.0,72.0,68660,71256,139916,2197,2368,4565,70857,73624,144481,146.8169,-19.2584
4649,townsville,Sep-18,2018,9,477.0,55.0,470.0,64.0,67395,69792,137187,252,332,584,67647,70124,137771,146.8169,-19.2584
4650,townsville,Sep-19,2019,9,472.0,82.0,470.0,85.0,71820,73743,145563,0,0,0,71820,73743,145563,146.8169,-19.2584
4651,townsville,Sep-20,2020,9,250.0,16.0,259.0,8.0,30779,30772,61551,0,0,0,30779,30772,61551,146.8169,-19.2584
4652,townsville,Sep-21,2021,9,346.0,34.0,357.0,24.0,44252,45090,89342,0,0,0,44252,45090,89342,146.8169,-19.2584
4653,townsville,Sep-22,2022,9,289.0,150.0,315.0,124.0,72163,73570,145733,0,0,0,72163,73570,145733,146.8169,-19.2584
4654,townsville,Sep-23,2023,9,312.0,160.0,324.0,146.0,71745,73575,145320,0,0,0,71745,73575,145320,146.8169,-19.2584
